14 28 2654
0000000000000
0000000000000
0000000000000
0000000000000
0000000000000
0000000000000
0000000000000
0000000000000
0000000000000
0000000000100
0000000000100
0000000000100
0000000000100
0000000000100
00000000000000
00000000000000
00000000000000
00000000000000
00000000000000
00000000000000
11111000000000
00000000000000
00000000000000
00000000000000
00000000000000
00000000000000
00000000000000
3 5 7 3
12 3 9 6
3 9 12 12
6 1 7 6
8 8 12 9
12 13 1 0
11 2 5 11
9 0 11 10
7 5 3 0
7 8 13 5
6 10 7 4
2 7 3 12
1 5 0 6
3 8 0 0
5 3 11 6
0 10 1 13
5 2 9 11
8 6 12 8
9 5 5 8
12 7 0 12
4 4 6 4
6 2 12 2
12 0 9 9
1 6 5 0
1 4 11 9
7 13 11 4
12 1 6 9
2 11 4 2
