16 10 3593
000000000000000
000000000000000
000000000000000
000000000000000
000000000000000
000000000000000
000000000000000
000000000000000
000001000000000
000001000000000
000001000000000
001001000000000
001001000000000
001001000000000
001001000000000
001001000000000
0000000000000000
0000000000000000
0000000000000000
0000000000000000
0000000000000000
0000000000000000
0000000000000000
0000000000000000
0000000000000000
0000000000000000
0000000000000000
0000000000000000
0000000001111111
0000000000000000
0000000000000000
13 11 11 6
13 7 7 8
9 5 7 9
14 1 1 11
10 5 12 2
10 11 4 3
12 14 7 1
5 12 2 1
10 1 5 2
12 15 11 14
