15 10 4443
00010000000000
00010000000000
00010000000000
00010000000000
00010000000000
00010000000000
00010000000000
00010000000000
00010000000000
00010000000000
00010000000000
00000000000000
00000000000000
00000000000000
00000000000000
000000000000000
000000000000000
000000000000000
000000000000000
000000000000000
000000000000000
000000000000000
000000000000000
000000000000000
000000000000000
000000000000000
000000000000000
000000000000000
000000000000000
10 8 6 12
0 4 9 10
2 0 2 1
10 11 8 9
14 8 5 13
11 11 2 7
13 13 4 11
11 1 2 9
3 2 5 9
13 1 7 11
