16 12 1572
000000000000000
000000000000000
000000000000000
000000000000000
000000000000000
000000000000000
000000000000000
000000000000000
000000000000000
000000000000000
000000000000000
000000000000000
000000000000000
000000000000000
000000000000000
000000000000000
0000000000000000
0000000000000000
0000000000000000
0000000000000000
0000000000000000
0000000000000000
0000000000000000
0000000000000000
0000000000000000
0000000000000000
1111111000000000
0000000000000000
0000000000000000
0000000000000000
0000000000000000
13 13 9 7
12 8 1 4
11 8 2 9
10 3 14 4
9 14 1 11
3 6 7 3
12 5 5 11
14 3 10 1
7 2 5 15
5 0 15 5
15 3 13 1
13 12 11 6
