15 8 1109
00100000000000
00100000000000
00000000000000
00000000000000
00000000000000
00010000000000
00010000000000
00010000000000
00000000000000
00000000000000
00000000000000
00000000000000
00000000000000
00000000000000
00000000000000
000000000000000
000110000000000
000000000000000
000000000000000
000000000000000
000000000000000
000000000011111
111111110000000
000000000000000
000000000000000
000011111111111
000000000000000
000000000000000
000000000000000
9 11 2 9
9 6 7 14
14 14 11 12
0 3 6 4
5 10 5 0
12 13 12 8
9 4 1 10
2 11 5 11
