18 13 4049
00000000000000000
00000000000000000
00000000000000000
00000000000000000
00000000000000000
00000000000000000
00000000000000000
00000000000000000
00000000000000000
00000000000000000
00000000000000000
00000000000000000
00000000000000000
00000000000000000
00000000000000000
00000000000000000
00000000000000000
00000000000000000
000000000000000000
000000000000000000
000000000000000000
000000000000000000
000000000000000000
000000000000000000
000000000000000000
000000000000000000
000000000000000000
000000000000000000
000000000000000000
000000000000000000
000000000000000000
000000001111111111
000000000000000000
000000000000000000
000000000000000000
14 9 12 6
1 4 16 13
6 14 3 1
9 16 1 5
1 17 7 11
14 4 5 17
1 7 8 17
6 6 7 4
3 9 14 14
7 12 14 17
16 11 4 3
17 7 13 12
13 17 2 6
