20 15 3218
0000000000000000000
0000000000000000000
0000000000000000000
0000000000000000000
0000000000000000000
0000000000000000000
0000000000000000000
0000000000000000000
0000000000000000000
0000000000000000000
0000000000000000000
0000000000000000000
0000000000000000000
0000000000000000000
0000000000000000000
0000000000000000000
0000000000000000000
0000000000000000000
0000000000000000000
0000000000000000000
11110000000000000000
00000000000000000000
00011111111111111111
00000000000000000000
00000000000000000000
00000000000000000000
00000000000000000000
00000000000000000000
00000000000000000000
00000000000000000000
00000000000000000000
00000000000000000000
00000000000000000000
00000000000000000000
00000000000000000000
00000000000000000000
00000000000000000000
00000000000000000000
00000000000000000000
12 16 0 12
5 2 13 5
5 9 8 11
3 4 14 7
19 3 9 14
18 8 9 19
8 7 7 7
8 14 17 3
7 2 2 6
9 6 3 11
12 18 3 0
16 14 9 12
10 16 14 18
0 18 7 9
13 4 1 4
