20 17 10647
0000000000000000010
0000000000000000010
0000000000000000010
0000000000000000010
0000000000000000010
0000000000000000010
0000000000000000010
0000000000000000010
0000000000000000010
0000000000000000010
0000000000000000010
0000000000000000010
0000000000000000010
0000000000000000010
0000000000000000010
0000000000000000010
0000000000000000010
0000000000000000000
0000000000000000000
0000000000000000000
10000000000000000000
00000000000000000000
00000000000000000000
00000000000000000000
11111100000000000000
00000000000000000000
00000000000000000000
00000000000000000000
00000000000000000000
00000000011111111100
00000000001111111100
00000000000000000000
00000000000000000000
00000000000000000000
00000000000000000000
00000000000000000000
00000000000000111100
00000000000000000000
00000000000000000000
10 16 7 6
18 15 13 3
6 17 4 18
12 16 4 1
4 12 17 4
12 18 5 11
18 18 2 16
2 15 16 2
12 7 12 14
14 11 14 0
1 8 13 12
14 17 0 12
0 13 7 0
8 13 12 4
6 1 0 0
3 1 15 17
7 18 13 14
