14 16 2027
1100001000000
0100001000000
0100001000000
0100001000000
0000001000000
0000001000000
0000000000000
0000000000000
0000000010000
0000000000000
0000000001000
0000000001000
0000000001000
0000000001000
00000000000000
00000000000000
00000000000000
00000000000000
00000000000000
00000000000000
00000000000000
00111111111111
00000000100000
00000000000000
00000000000000
00000000000000
00000000000000
6 10 12 11
1 13 7 2
7 11 5 9
8 7 6 6
7 8 4 13
6 8 7 10
8 6 11 3
13 6 10 11
1 1 9 8
8 2 6 0
11 4 8 4
1 7 10 7
5 8 0 10
8 10 9 6
0 1 9 7
7 4 3 10
