15 26 2489
00100000000100
01100000000100
01100000000000
01100000000000
01100001000000
01100001001000
01100001001000
01100001001000
01000000000000
01100000000000
01100000000000
01100000000000
01100000000000
01100000000000
00000000000000
000000000000000
000000000000000
000000000000000
000000000000000
000000000000000
000000000000001
000111000000000
000000011111111
000000000000000
000000000000000
000000000000000
000000000000000
000000000000000
111111111111000
9 5 3 2
14 3 2 10
4 13 5 1
11 14 12 0
9 1 6 6
5 7 10 2
7 8 5 8
0 4 5 9
0 1 10 8
13 1 5 12
7 2 1 2
1 3 12 10
5 0 11 5
14 9 6 10
13 10 9 2
4 3 11 1
8 7 1 11
6 2 10 5
4 5 10 13
14 11 8 6
13 2 4 14
11 6 14 4
5 4 10 14
5 5 4 6
4 0 4 4
8 0 3 0
