14 15 954
0000000000000
0000000000000
0000000000000
0000100000000
0000100000000
0000100000001
0000100000001
0100100000001
0100100000001
0100100000001
0100100010001
0100000000011
0100000000011
0100000000010
00000000000000
00000000000000
00000000000000
00000000000000
00000000000000
00000000000000
00000000000000
01000000000000
00000000000000
00000000000000
00111111110000
00000000000000
00000000000010
11 0 8 2
9 5 8 10
8 9 10 3
11 11 9 8
0 10 13 1
12 13 6 13
3 5 3 12
12 8 5 3
0 7 1 6
3 9 0 12
3 8 12 9
0 3 9 12
3 3 0 2
1 0 8 4
7 2 4 4
