16 10 3989
000000000000000
000000000010001
000000000010000
000000001000000
000000001000000
000000001000000
000000000000000
000000000000000
000000000000000
001000000000000
001000000000000
001000000000000
001000000000010
001000000000010
001000000000000
001100000000000
0000001111111111
1111111000000000
0000000000000000
0000000000000000
0000000000000000
0000000011111111
0000000000000000
0000000000000000
0000000000000000
0000000000000000
0000000000000000
0000000000000000
0000000000000000
0000001111111111
0000000000000000
2 10 3 14
12 11 2 15
4 5 3 3
7 14 10 11
4 0 0 12
2 13 13 3
0 5 9 9
4 6 9 12
13 2 8 8
10 9 2 5
