16 24 10929
001100010000000
000100010000000
000100100000000
000000100000000
000000100000000
000000100000000
000000100000000
000000100000000
000000100000000
000000100000000
000000100000000
000000100000000
000000100000000
000000100000000
000000100000000
000000100000000
0000000000000000
0000000000000000
0000000000000000
0011111000000000
0000000000000000
0000000000000001
0000000000000000
0000000000000000
0000000000000000
0000000000000000
0000000000000000
0000000000000000
0111111000000000
0000000000000000
0000000000000000
8 2 1 5
15 4 12 2
12 8 5 9
0 14 13 1
7 2 11 3
4 9 2 2
10 7 1 1
5 12 0 6
12 0 5 7
2 4 1 13
4 1 11 15
10 3 4 8
15 0 12 1
3 3 10 10
4 13 0 13
8 9 9 6
15 13 2 5
8 15 15 5
11 1 11 7
7 5 15 3
8 5 11 11
9 12 14 4
7 6 15 14
6 12 0 7
