15 18 4940
00000001000001
00000001000001
00000001000001
00000001000001
00000000000001
00000000000001
00000000000001
00000000000001
00000000000001
00000000000001
00000000000001
00000000000001
00000000000001
00000000000000
00000000000001
000000000000000
000000000000000
000000000000000
001111110000000
001111111111110
000000000000000
011111111111110
000000000000000
000000000000000
111111111000000
000000000000000
000000000000000
000000000000000
000000000000000
14 5 5 9
13 12 0 10
9 6 13 8
14 1 0 0
7 4 10 14
0 13 14 3
12 14 0 4
1 13 11 8
9 12 4 5
13 1 10 12
7 13 1 8
12 13 5 3
6 13 9 1
11 6 6 2
1 2 14 13
8 9 9 7
3 0 2 10
7 7 7 11
