15 8 2063
00000000000110
00000000000110
00000100000110
00010100000110
10010100000110
10010100000110
10010100000100
10010100000000
10010100000000
10010100000000
10010100000000
10010100001000
10010100001001
10010100001001
10010000000000
111100000000000
000000000000000
000000000000000
000000000000000
000000000000000
000000000000000
000000000000000
000000000000000
000000000000000
000000000000000
000000111100000
000000000000000
000000000000000
000000111111111
1 5 5 3
9 14 4 0
3 11 4 6
1 4 1 10
0 9 0 14
14 7 14 6
13 7 6 5
7 1 0 5
