16 11 2483
000000000100000
000000000101010
000000000101010
000000000001010
000000000001010
000000000001010
100000010001010
000000000001010
000000000001010
000000000001010
000000000001010
000000000001010
000000000001010
000000000001010
000000000001010
000000000001010
0000000000000000
0000000000000000
0000000000000000
0000000000000000
1111000000000000
0000000000000000
1111111100000000
0000000000000000
0000000000000000
0000000000000000
0000000000000000
0000000000000000
0000000000000000
0000000000000000
0000000111110000
9 2 6 12
12 10 6 8
5 5 10 1
0 0 10 10
7 15 2 1
10 4 13 7
8 2 6 13
9 15 14 15
6 3 9 8
1 1 13 3
12 8 7 9
