18 10 3418
01000010000001100
01000010000001100
01000010000001100
01000000000001100
01000000000000100
01000000000000100
01000000000000100
01100000000010100
01100000000010100
01000000000010100
01000000000010100
01000000000010100
01000000000010100
00000000000010100
00000100000010100
00000000000010100
00000000000010000
00000000000010000
000000000000000000
000000000000000000
000000000000000000
000000000000000000
000000000000000000
001100000000000000
000110000000000000
000000001111100000
001111000000000011
000000000000000000
000000000000000000
000000000000000000
001111111110000000
000000000000000000
000011111111100000
000000000000000000
000000000000000000
10 14 11 5
13 5 17 14
5 0 7 11
15 6 17 2
10 12 7 17
13 13 5 5
0 9 10 6
13 11 12 15
4 7 11 16
15 14 10 4
