15 10 1059
00000000000000
00000000000000
00000000000000
00000000000000
00000000000000
00000000000000
00000000000000
00000000000000
00000000000000
00000000000000
00000000000000
00000000000000
00000000000000
00000000000000
00000000000000
000000000000000
000000000000000
000000000000000
000000000000000
000000000000000
000000000000111
000000000000000
000000000000000
000000000000000
000000000000000
000000000000000
000000000000000
000000000000000
000000000000000
3 5 6 5
2 14 9 2
5 2 1 12
4 13 9 1
4 11 2 9
10 10 14 9
10 2 2 5
8 2 7 2
3 13 3 9
12 11 1 7
