19 30 9599
000000000010000000
000000000010000000
000000000010000000
000000000010000000
000000000010000000
000000000010000000
000000000010000000
000000000010000000
000000000010000000
000000000000000000
000000000000000000
000000000000000000
000000000000000000
000000000000000000
000000000000000000
000000000000000000
000000000000000000
000000000000000000
000000000000000000
0000000000000000000
0000000000000000000
0000000000000000000
0000000000000000000
1111100000000000000
0000000000000000000
0000000000000000000
0000000000000000000
0000000000000000000
0000000000000000000
1000000000000000000
0000000000000000000
0000000011111111111
0000000000000000000
0000000000000000000
0000000000000000000
0000000000000000000
0000000000000000000
4 8 6 14
2 7 9 9
16 2 16 7
10 7 18 9
10 4 1 7
13 11 16 18
9 15 16 9
18 11 15 7
10 0 11 13
7 17 14 4
18 6 9 1
9 10 10 2
13 17 3 0
1 15 17 11
5 1 4 17
1 10 5 17
12 13 4 1
18 5 17 6
13 3 0 18
15 12 11 18
2 6 10 17
9 6 0 0
14 11 12 1
5 15 1 11
11 8 3 9
13 12 10 11
2 13 15 1
2 16 17 14
5 16 16 0
17 13 1 17
