15 18 4237
01000010010000
01000010010000
01000010010000
01000010000000
01000010000000
00000010000010
00000011000010
00000011000010
00000011000010
00000011100010
00000011100010
00000011100010
00000011100010
01000011100010
01000001100000
000000000000000
000000000000000
000000000000000
000000000000000
000000000111111
000000000000000
000011100000000
000000000000000
000000000000000
000000000000000
000000000000000
000000000000000
000000000000000
000000000000000
7 2 9 3
7 9 2 11
9 4 7 6
10 0 13 1
10 1 11 9
10 10 6 7
2 8 10 4
7 12 11 13
14 2 6 13
6 12 9 8
14 4 14 5
2 12 1 9
7 8 9 2
0 0 1 13
3 13 10 2
0 11 11 10
8 12 12 10
3 4 13 0
