19 22 2770
001010010001000100
000010010001010100
000010010001010100
000010010001010100
000010010001010100
000010010001010100
000000010001010100
000000010001010100
000000010001010100
000000010001010100
000000010001010000
000001000001010000
000001000101010001
000001000100010001
000001000100010001
000001000000000000
000001000000000000
000001000000000000
000001000000000000
0000000000000000000
0000000000000000000
0000001100000000000
0000000000000000000
0000000000000000000
0000000000000000000
0000000000000000000
0000000000000000000
1110000000000000000
0000000000000000000
0000000000010000000
0000000001110000000
1111000000000000000
0000000000000000000
0000000000000111111
0000000000000000000
0000000111111111111
0000000000000000000
0 0 16 11
2 17 16 7
7 15 7 10
13 8 14 16
14 17 8 1
8 11 12 2
13 15 8 16
17 14 13 14
14 15 10 1
6 6 6 14
14 0 9 0
11 11 14 14
2 2 14 18
16 6 11 17
8 0 10 17
3 12 9 17
12 18 3 2
5 1 7 18
2 14 15 7
7 12 6 1
14 13 8 18
2 13 12 13
