14 24 1888
0000000000000
0100000000000
0100000000000
0100000000000
0100100001000
0100000001000
0100000001010
0000000001010
0000010000010
0000010000010
0000010000010
0000010000010
0000010000010
0000010000010
00000000000000
00000000000000
00000000000000
00000000011111
00111110000000
00000000000000
11111111100000
00000000000000
00000000000000
00000000000000
00000000000000
00000011111000
00000000000000
7 12 3 6
0 5 2 0
9 10 13 11
10 6 5 10
7 6 0 10
12 4 7 10
13 4 4 5
12 0 11 0
6 7 5 0
1 0 1 2
6 9 13 2
7 2 6 3
10 1 8 4
8 6 7 1
5 12 1 10
5 6 5 8
6 12 4 6
0 6 9 3
8 10 7 5
10 9 3 1
5 1 10 12
9 0 12 3
9 11 1 9
6 2 1 7
