13 23 2653
000000000000
000000000000
000000000000
000000000000
000000000000
000000000000
000000000000
000000000000
000000000000
000000000000
000000000000
000000000000
000000000000
0000000000000
1100000000000
0000000000000
0000000000000
0000000000000
0000000000000
0000000000000
0000000000000
0000000000000
0000000000000
0000000000000
0000000000011
11 7 9 8
7 2 8 6
12 9 11 9
0 5 4 6
5 0 11 11
2 3 12 4
4 3 0 7
12 5 4 5
6 6 2 9
3 10 11 12
10 7 7 12
11 6 3 5
8 3 4 12
10 2 11 5
1 9 5 11
10 8 2 8
0 6 2 1
6 1 8 10
9 0 7 0
9 1 4 4
2 11 9 10
9 9 1 0
9 6 9 2
