16 9 874
000000000000000
000000010000000
000000010000000
000001100000000
000000100000000
000000100000000
000000100010000
000000100010000
000000100010100
000000100010100
000000100010010
000000100010010
000000100010010
000000000010000
000000000010000
000000000010000
1111000000000000
0000000000000000
0000111111111111
0000000000000000
0000000000000000
1111110000000011
0000000000000000
0000000000000000
0000000000000000
0000000000001111
0000000000000000
0000000000000000
0000000000000000
0000000000000001
0000000000000000
10 1 6 13
12 7 0 0
1 14 6 3
4 11 5 3
7 12 12 9
6 6 8 8
5 7 10 5
10 14 0 2
14 2 3 4
