15 9 795
00110000000000
00110000000000
00110000000000
00110000000000
00100000000000
00100000000000
00100000000000
00100000000000
00100000000000
00100000000000
00100000000000
00100000000000
00100000000000
00000000000000
00000000000000
000000000000000
000000000000000
000011110000000
000000000000000
000000000000000
000111111100000
000000000000000
000000000111111
000000000000000
000000000000000
000000000000000
000000000000000
000110000000000
000000000000000
14 12 12 14
0 13 2 14
10 12 0 10
11 9 13 3
13 14 14 1
9 4 0 8
2 3 11 10
4 14 10 11
12 0 13 9
