14 24 6860
0010101010001
0010101010001
0110101010001
0110101010001
0110101010001
0110101010001
0110101010000
0110001010000
0100001000000
0100001000000
0100001000000
0100001000000
0100001100000
0100000100000
00000000000000
00000000000000
00000100000000
00000000000000
00000000000000
00000000000000
00000000000000
10000010000000
00000000000000
00000000000011
00000000000000
00000000000000
00111000000000
8 10 1 1
1 10 1 11
2 5 4 3
4 4 0 9
12 0 11 12
9 3 3 11
7 7 0 6
8 9 13 4
13 7 6 0
6 12 12 7
5 2 3 0
4 9 1 0
11 7 7 4
8 0 9 0
6 6 3 9
11 3 4 8
12 4 5 8
4 5 0 8
10 7 3 13
6 13 8 7
5 6 1 5
2 3 0 11
10 1 3 3
4 11 5 1
