13 18 1788
000000000000
000000000000
000000000000
000000000000
000000000000
000000000000
000000000000
000000000000
000000000001
000000000001
000000000000
000000000000
000000001000
0000000000000
0000000000000
0000000000000
0000000000000
0000000000000
1111100000000
0000000000000
0011111111111
1111111100000
0000000000000
0000000000000
0000000000000
8 8 0 10
11 3 7 8
0 8 10 5
10 10 6 10
7 5 2 0
3 7 1 5
5 10 5 3
7 11 0 6
8 6 1 8
6 3 0 4
5 11 7 3
7 7 11 8
0 9 5 5
0 0 1 4
6 0 1 2
0 12 8 7
7 6 4 2
3 9 2 6
