17 15 1751
0000010000000000
0000010001000000
0000010001000000
0000010001000000
0000010001000000
0000010001000000
0000010001000000
0000010001000000
0000010001000000
0000010001000000
0000010001000000
0000010001000000
0000010001000000
0000000001000000
0000000001000000
0000000001000000
0000000001000000
00000000000000000
00000000000000000
00000000000000000
00000000000000000
00000000000000000
00000000000000000
00000000000000111
00000000000111111
00000000000000000
00000000000000000
00000000000000000
00000000000000000
00000000000000000
00000000000000000
00000000000000000
00000000000000000
8 0 8 9
0 5 16 1
16 5 9 16
2 2 16 9
16 0 3 8
8 4 13 7
12 9 1 3
10 6 9 9
4 5 2 14
16 10 13 2
6 15 9 2
5 8 6 3
10 2 12 4
16 13 11 10
6 8 13 0
