17 9 3343
0000000000000000
0000000000000000
0000000000000000
0000000000000000
0000000010000000
0000000010000000
0000000010000000
0000000010000000
0000000010000000
0000000010000000
0000000010000000
0000000010000000
0000000010000000
0000000010000000
0000000010000000
0000000010000000
0000000010000000
00000000000000000
00000000000000000
00000000000000000
00000000000000000
00000000011100000
00000000000000000
10000000000000000
11110000000000000
00000000000000000
00000000000000000
00000000000000000
00000000000000000
00000000000000000
00000000000000000
00000000000000000
11111110000000000
11 7 13 9
12 4 14 8
13 16 2 0
12 16 16 10
15 6 16 12
5 6 14 7
4 6 14 2
5 16 9 10
12 13 5 2
