20 28 4121
0000000000000010000
0000000000000010000
0000000000000010000
0000000000000010000
0000000000000010001
0000000000000010001
0000000000000010001
0000000000000010001
1000000000000010001
1000000000000010001
1000000000000000001
0000000001000000001
0000000001000000001
0000000000000010001
0000100000000000001
0000100000000000000
0000100010000000000
0000100000000000000
0000000000000000000
0000000000000000000
11111111111111000000
00000000000000000000
00000000000000000000
00000000000000000000
11110000000000000000
00000000000000000000
00000000000000000000
11110000000000000000
00000000000000000000
00000000000000000000
00000000000000000000
00000000000000000000
11111111111111111000
00000000000000000000
00000000000011111111
00000011111111111111
00000000000000000000
00001111111111111111
00000000000000000000
10 4 7 16
3 13 12 3
6 9 15 5
1 1 11 6
4 15 17 14
3 9 6 0
3 5 12 15
17 19 14 15
0 19 15 15
14 5 18 8
12 17 17 8
1 5 17 17
6 19 17 18
11 15 10 9
15 16 8 16
13 5 17 12
5 13 17 15
10 0 15 3
19 18 2 16
14 16 13 10
19 14 14 17
3 11 16 16
19 4 3 10
6 4 14 4
16 2 2 4
18 13 3 17
10 6 8 0
3 8 11 19
