15 15 4919
00001000000000
00000000000000
00000010000000
00000010000000
10000010000000
10000010000000
10000010000000
11000010000000
11000010001000
11000010001000
11000010001000
11000010001000
11000010001000
11000010001000
11000000001000
000000000000000
011111111111111
000000000000000
000001100000000
000000000000000
000000000000000
000000000000000
000000000000000
000001100000000
000000001111100
000000000000000
000000000000000
000000000000000
000000000001000
2 12 10 1
2 1 7 7
9 2 10 2
13 9 9 8
0 7 8 4
9 7 14 4
13 2 7 10
0 5 2 7
6 13 3 0
2 0 6 8
12 8 11 10
14 10 12 2
14 7 6 6
9 9 8 8
13 0 10 7
