19 16 1705
001000000100010000
001000000100010000
001100000100010000
001100000100010000
000100000100010000
000100000100010000
000000000100010000
000000000100010000
000000000100010000
000000000100010000
000000000100010000
000000000100000000
000000000100000000
000000000010010000
000000000010010000
000000000010010000
000000000010010000
000000000010010000
000000000010010000
0000000000000000000
0000000000000000000
0000000000000000000
0000000000000000000
0000000000000000000
1111111100000000000
1100000000000000000
0000000000000000000
0000000000000000000
0000000000000000000
0000000000000000000
0000000000000000000
0000000000000000000
1111111110000000000
0000000000000000000
0000000000000000000
0000000000000000000
0000000000000000000
1 17 5 7
6 1 0 8
9 17 10 8
16 14 7 18
16 13 17 13
0 1 2 10
8 14 16 5
0 6 6 3
14 0 2 4
11 2 15 13
4 4 15 16
6 13 1 14
5 13 16 18
17 16 14 2
10 4 16 8
1 16 7 0
