15 12 5275
10001000100000
10001000100000
10001000000000
10001000000000
10001000000000
10001000000000
00001000000000
00001000000000
10001000000000
10001000000000
10001001000000
10001001000000
10001001000000
10001001000000
10000001000000
010010000000000
000000000000000
000000000000000
000000000000111
000000000000000
000000000000000
000000000000000
001110000000000
000000000000000
000000000000000
000000000000000
000000000000000
000000000000000
000000000000000
10 7 2 9
0 5 8 1
9 10 4 1
1 6 3 13
13 5 0 14
9 8 7 8
4 0 3 6
10 5 14 11
4 14 5 5
0 4 4 5
4 4 10 3
2 1 9 0
