17 29 13456
0001000000100100
0001000000100000
0001000000100000
0001000000100000
0001000000100000
0001000000100000
0001000000100000
0000100000100000
0000100000100000
0000100000000000
1000100000000000
1000100000000000
1000100000000000
1100100000000000
1100100000000000
1100100000000000
1100100000000000
00000000000000000
00001111000000000
00000000000000000
00000000000000000
00000000000000000
00000000000000000
00000000000000000
00000000000000000
00000000000000000
00000000000000001
00000000000000000
00000001111111111
00000000000000000
00000000000000000
00000000000000000
00000000000000000
13 9 7 1
1 15 9 3
8 3 6 12
14 12 6 3
5 16 3 5
2 14 1 2
11 1 5 0
8 6 7 10
9 9 16 5
13 6 0 14
6 15 9 4
9 8 1 14
4 11 4 9
14 13 10 10
10 9 4 5
11 2 3 8
6 8 11 12
15 4 10 7
3 4 2 8
7 0 12 16
1 9 0 16
2 4 16 11
16 9 16 10
5 8 13 11
14 2 0 3
13 1 8 13
3 1 6 9
15 12 12 6
7 8 1 11
