20 30 6330
1010000001100000001
1010000000100000001
1010000000100000001
1010000100100000001
1010000100100000001
1010000100100000001
1010000100100000001
0010000100100000001
0010000100100000001
0000000000100000001
0000100000110000001
0000100000010000001
0000100000010000001
0000100000010000001
0000100000010000001
0000100000010000000
0000100000010000000
0000100000000000000
0000100000100000000
0000100000100000000
00000000000000000000
00000000000000000000
00001111111000000000
00000000000000000000
00011110000000000000
00000000001000000000
00000000000000000000
00000000000000000000
00000000000000000000
00000000000111110000
00000000000000000000
00000000000000000000
00000000000000000000
00000000000000000000
00000000000000000010
00000000000000001111
00000000000000000000
00000000000000000000
00000000000000000000
2 2 14 10
14 7 7 18
2 15 0 15
18 10 6 3
0 7 17 4
16 17 14 4
10 18 13 2
2 12 10 10
16 4 12 0
7 3 11 11
11 17 8 4
10 1 8 9
4 11 0 5
14 14 4 10
8 14 3 12
2 14 0 3
5 5 10 6
8 2 15 17
2 1 19 18
19 15 6 18
9 3 6 17
4 4 11 12
10 8 19 6
5 11 14 17
12 11 9 8
5 17 6 19
3 4 13 9
8 11 9 6
3 3 0 14
3 15 14 19
