14 14 1195
0000000001000
0000000001000
0000000001000
0000000001000
0000000001000
0000000001000
0000000001000
0000000001000
0000000001000
0000000001000
0000000001000
0000000000000
0000000000000
0000000000000
00000000000000
00000000000000
10000000000000
00000000000000
00000000000011
00000000000000
00000000000000
00000000000000
11111111000000
00000000000000
00000000010000
11111111111110
00011111111111
4 5 0 2
6 11 11 3
13 0 8 4
11 0 4 2
0 3 9 13
9 0 3 12
12 11 0 10
6 7 0 0
3 2 8 11
8 5 12 7
6 12 9 12
10 3 6 2
2 8 12 1
8 13 5 1
