13 18 2360
000000010000
000000110000
000000110000
001000110000
001000100000
000000100000
010000100000
010000100000
010000100000
010100100000
010100100000
010100100000
010110100000
0000000000000
0000000000000
0000000000000
0000000000000
1111110000000
0000000000000
0000000000000
0000001000000
0000000000000
0000000000111
0000000000000
0000000000000
8 3 2 6
6 0 2 1
2 10 2 5
8 12 7 1
11 4 3 6
8 8 9 10
1 1 4 4
9 12 4 8
1 9 10 1
4 5 7 5
10 0 10 6
0 2 2 9
2 4 10 9
6 9 1 6
12 8 4 7
1 12 11 7
3 9 9 11
9 1 9 7
