15 12 1429
00000000000000
00100000000000
00100000000000
00100000000000
00100000000000
00100000000000
00100000000000
00100000000000
00100000000000
00000000100000
00000000100000
00000000100000
00000000100000
00000000000000
00000000000000
000000000000000
000000000000000
000000000000000
000000000000000
000000000000000
000000000000000
000000000000000
000000000000000
111111111111110
000000000000000
000000000000000
000000000000000
000000000000000
000000000000000
6 3 5 12
0 6 8 9
14 11 12 5
12 14 7 8
2 8 11 0
6 11 2 0
5 7 14 2
2 10 5 6
9 9 3 12
5 14 7 4
9 10 5 4
1 12 5 8
