16 20 5140
000000000100000
000000000100000
000000000000000
000000000000000
000000000000000
000000000000000
000000000000000
000000000000000
000000000000000
000000000000000
000000000000000
000000000000000
000000000000000
000000001000000
000000001000000
000000001000000
0000000000000000
0000000000000000
0000000000000000
0000000000000000
0000000000000000
1111111111111110
0000000000000000
1111111000000000
1111111111111100
0011111111111111
0000000000000000
0000000000000000
0000000000000000
0000000000000000
0000000000000000
14 11 1 11
0 8 7 11
2 12 2 14
6 6 2 11
2 2 9 12
1 3 11 15
11 7 10 7
9 8 9 4
9 9 8 1
14 8 12 1
10 13 1 2
10 10 10 5
10 0 10 3
3 1 12 14
2 15 15 5
2 5 7 9
7 4 15 6
6 12 9 3
3 2 14 5
12 13 2 0
