17 18 9781
0000000000000000
0000000000000000
0000000000000000
0000000000000000
0000000000000000
0000000000000000
0000000000000000
0000000000000000
0000000000000000
0000000000000000
0000000000000000
0000000000000000
0000000000000000
0000000000000000
0000000000000000
0000000000000000
0000000000000000
00000000000000000
00000000000000000
00000000000000000
00000000000000000
00000000000000000
00000000000000000
00000000000000000
00000000000000000
00000000000000000
00000000000000000
00000000000000000
00000000000000000
00000000000000000
00000000000000000
00000000000000000
00000000000000000
4 13 15 0
10 6 12 16
13 14 15 12
8 12 12 8
3 16 9 11
5 0 13 3
15 6 3 0
12 14 6 13
14 7 0 11
1 16 4 1
5 3 10 5
0 14 1 5
3 3 3 5
5 1 1 3
11 13 3 13
8 7 13 1
3 6 13 13
12 12 0 1
