16 22 6816
000000000000000
000000000000000
000000000000000
000100000000000
000100000000000
010100000000000
010100000000000
010100000000000
010100000000000
010100000000000
010100000000000
010100000000001
010101000000001
010101000000011
010101000000011
010101000000011
1000000000000000
0000000000000000
0000000000000000
0000000000000000
0000000000000000
0000000000000000
0000000000000000
0000011111111111
0000000000000000
0000000000000000
0000000000000000
0000000000000000
0000000001111100
0000000000000000
0000000011111100
15 7 5 11
3 0 15 2
2 4 13 15
9 12 14 2
8 7 14 0
5 15 10 8
10 13 12 11
2 7 14 10
0 2 1 3
6 1 12 7
12 4 15 3
7 0 15 6
14 14 14 4
9 8 12 13
11 7 14 13
5 7 0 1
10 15 9 9
10 12 9 11
13 12 9 5
10 6 8 14
11 6 6 7
7 10 5 12
