19 10 6249
000000000010100001
000000000010100001
000000000010100001
000000000010101001
000000000010101000
000000000010101000
000000000010101000
000000000010101000
000000000010101000
000001000010101000
000001000010001000
000001000010001000
000000000010001000
000000000010001000
001000000010001000
001000000010001000
001000000010001000
001000100010001000
001000100000001000
0000000000000000000
0000000000000000000
0000000000000000000
1000000011100000000
1111111000000000000
0000000000000000000
0000000000000000000
0000000000000000000
0000000000000000000
0000000000000000000
0000000000000000000
1111110000000000011
0000000000000000000
0000000000000000000
0000000000000000000
0001111110000000000
0000000000000000000
0000000000000000000
16 4 8 10
4 13 3 8
5 16 14 0
17 5 12 12
18 4 16 14
0 16 8 8
9 4 8 13
1 13 2 17
18 1 8 6
18 15 1 16
