20 28 4521
0000000000100000000
0000000000100000000
0000000000100000000
0010000000100000000
0010000000100000000
0010000000100000000
0010000000100000000
0010000000100000100
0010000000100000100
0010000000100000100
0010000000000000100
0010000000000000100
0010000000000000100
0010000000000000100
0010000000000010000
0010000000000010000
0010000000000000000
0010000000000000000
0010000000000000000
0010000000000000000
00000000000000000000
00000000000000000000
00000000000000000000
00000000000000000000
00000000000000000000
00000000000000000000
01100000000000000000
00000000000000000000
00000000000000000000
00000000000000000000
00000000000000000000
00000000000000000000
00010000000000000100
00001111111111111111
00010000000000000000
00000000111111100000
00000000000000000000
00000000000000000001
00000000000000000000
7 19 7 0
0 13 19 11
12 11 13 17
0 6 10 6
1 14 18 19
0 14 5 1
18 17 8 12
9 16 9 6
2 1 4 0
19 13 15 17
6 19 10 18
15 10 16 9
16 15 0 3
2 18 9 13
0 11 9 8
4 8 9 7
5 4 17 9
14 17 2 17
17 2 10 3
5 15 14 12
7 17 0 2
7 1 9 5
12 1 12 17
2 14 8 0
3 0 15 2
6 17 5 7
16 12 2 19
19 10 12 14
