20 34 15953
0000000000000000010
0010000000000000010
0010000000000000010
0010000000000000010
0010000000000000010
0010000000000000010
0010000000000000010
0010000000000000010
0000000000000000010
0000000000000000010
0000010000000000010
0000010000000000010
0000010000000000010
0000010000000000010
0000010000000000010
0000010000000000010
0000010000000100010
0000010000000100010
0000000000000100000
0000000000000100000
11111111111110000000
00000000000000000000
00000000000000000000
00000000000000000000
00000000000000000000
00000000000000000000
00000000000000000000
00000000000000000000
00000000000000000000
11111111110000000000
00000000000000000000
00000000000000000000
00000000000000000000
00000000000000000000
00000000000000000000
00000000000000000000
00000000000000000000
00000000000000000000
00000000000000000000
8 1 15 19
2 14 4 10
2 19 5 19
8 19 14 5
18 12 14 7
10 3 5 5
9 11 3 19
5 18 6 1
2 18 10 10
12 2 9 10
4 19 13 8
7 6 18 14
13 10 1 17
18 11 9 12
13 5 11 8
13 11 2 16
15 18 7 13
14 6 8 15
13 16 3 4
7 1 19 4
3 18 10 13
7 15 9 9
11 16 5 17
17 4 15 3
11 4 5 15
19 13 3 8
7 10 0 2
14 8 1 14
2 11 13 19
0 5 10 11
6 0 19 10
5 0 0 4
2 10 8 3
5 6 18 7
