18 18 2312
00000000101101000
00000000101101000
00000000101101000
00000001101101000
00000001100001000
00000001100001000
00000001100001000
00000001100001000
00000001100000000
00000001100000000
00000001000000000
00000001000000000
01000001000000000
01000001000000000
01000001000000000
01000001000000000
01000001000000000
01000001000000000
000000000000000000
000000000000000000
000000000000000000
000000000000000111
000000000000000000
000000000111100000
000000000110000000
000000000000000000
000000000000000011
000000000000000000
000000000000000000
000000000001111111
000000001111111000
000000000000000000
000000001111110000
000000000000000000
000000000000000000
11 12 7 2
8 12 14 0
3 11 15 6
17 6 14 2
13 13 14 1
6 16 8 6
9 5 7 7
12 17 0 11
16 13 14 7
6 1 1 4
5 7 15 10
0 7 9 3
5 17 8 11
10 10 10 12
4 14 2 12
16 4 13 4
2 16 9 4
0 16 9 13
