14 14 4313
0010000000000
0010000100000
0010000100000
0010000100000
0010000100000
0010000100000
0000000100000
0000000100000
0000000100000
0000000100000
0000000100000
0000000000000
0000000000000
0000000000000
00000000000000
00000000000000
00000000000000
00000000000000
00000000000000
00000000000000
00000000000000
00000000000000
00000000000000
00000000000000
11111111111000
00000000000000
00000000000000
9 8 2 13
11 4 1 1
11 8 8 1
6 9 3 11
11 12 6 1
6 13 10 12
7 3 13 7
6 12 4 8
0 6 13 11
10 7 10 0
12 10 7 5
0 8 8 0
5 10 2 1
4 5 2 0
