16 26 12766
000000000000010
000000000000010
000000000000010
000000000000011
000000000000011
000000000000000
000000000000000
000000000000000
000000000011000
000000000001000
000000001001000
000000000001000
000000000000000
000000000000000
000000000000000
000000000000000
0000000000000000
0000000000000100
0000111111111101
0000000000000000
0000000000000000
1111100000000000
0000000000000000
0111111111111111
0000000000000000
1111111111000000
0000000000110000
0001111111110000
0111111111111111
1110000000000000
0000000000000000
12 3 0 13
13 9 5 14
9 5 15 6
10 8 0 1
13 0 8 1
2 13 10 3
7 0 2 9
15 14 14 6
4 8 0 11
5 2 9 2
3 3 1 12
5 7 14 9
7 12 9 7
4 15 11 14
4 12 15 7
15 3 6 5
3 12 9 10
7 13 12 14
1 0 4 13
14 8 0 5
1 2 8 12
9 11 0 7
7 11 3 0
7 10 5 3
0 0 15 2
11 15 13 3
