14 23 3163
1001010000000
1001010000000
1111010000000
1111010000000
1111000000000
1111000010010
1111000010010
1111000010000
1001000000000
0000000000000
0000000000000
0000000000000
0000000000000
0000000000000
00000000000000
01100000000000
00000000011111
00000000001111
00000001111111
00000000000000
00000000000000
00000000000000
01100000000000
00000000000000
01111111111111
00000000000000
00000000000000
6 12 0 5
5 4 3 11
1 12 4 5
4 2 3 3
12 6 10 0
9 9 11 9
8 3 7 3
5 1 9 7
7 2 6 13
7 7 7 13
8 7 3 13
0 1 7 0
1 2 11 12
12 9 13 3
4 12 1 10
3 0 4 10
2 2 1 6
10 3 10 7
2 4 1 0
9 5 13 12
3 7 11 6
1 5 9 1
0 9 8 11
