19 17 4501
000000000000000000
000000000000000000
000000000000000000
001000000000000110
001000000000000110
001000000000000110
001000000000000110
011000000000000110
011000000000000010
011000000000010000
011000000000010000
011000000000010000
011000000000010000
011000000000010000
011000000000010000
011000000000010000
011010000000011000
001010010000011000
001010010000001000
0000000000000000000
0000000000000000000
0111111111111111110
0001111111111000000
0000000000000000000
0000000000000001000
0000000000000000000
0000000000000000000
0000000000001111100
0000000000000000111
0000000000000000000
0000000000000000000
0001000000000000000
0000000000000000000
0000000000000000000
0000000000000000000
0110000000000000111
0000000000000000000
3 1 15 13
14 13 18 9
13 11 2 8
2 14 11 16
15 15 2 7
3 13 10 18
18 8 18 7
7 16 17 2
18 0 4 0
4 17 0 0
7 7 18 4
5 14 15 2
6 2 5 3
5 15 18 15
4 5 13 9
7 5 3 17
11 18 14 18
