14 16 4648
0000000000000
0000000000000
0000000000000
0000000000000
0000000000000
0000000000000
0000000000000
0000000000000
0000000000000
0000000000000
0001000000000
0001000000000
0001000000000
0001000000000
00000000000000
00000000000000
00000000000000
00000000000000
00000000000000
00000000000000
00000000000000
00000000000000
00000000000000
00000000000000
00000000000000
00000000000000
00000000000000
3 10 0 1
10 4 6 4
8 12 12 9
9 11 2 6
9 9 6 1
2 4 10 8
13 3 10 5
5 5 12 12
8 13 4 7
5 0 5 12
0 10 11 4
1 5 10 10
1 12 12 1
8 10 5 9
11 1 7 2
1 4 8 5
