19 27 2685
001011000000000000
001011000000000000
001011000000000000
001011000000000000
001011000000000000
001011000000000000
001011000000000000
000011000000000001
000011000000100000
010011000000100000
010010000000100000
010010000000100000
010000000000100000
010000000000100000
010000000000010000
000000000000000000
000000000000000000
000000000000000000
000010000000000000
0000000000000000000
0000000000000000000
0000000000011111111
0000000000000000000
1000000000000000000
0000000000011111111
0000000000000000000
0000000011111111111
0000000000000000000
0000000000000000000
0000000000000000000
0000000000000000000
0000000000000000000
0000000000000000000
1111111111111111000
1111111111000000000
0000000000000000000
0111100000001111111
14 10 3 9
4 7 0 14
11 6 12 8
5 7 9 1
18 1 18 17
0 9 13 8
0 10 8 17
17 0 7 9
4 2 9 6
11 15 7 16
16 12 0 8
18 0 2 14
13 5 15 10
12 10 18 2
6 18 10 7
12 11 9 9
11 8 11 17
8 9 1 7
8 12 3 15
6 1 9 17
0 7 4 1
1 15 6 17
13 11 1 5
14 8 5 9
3 18 8 1
1 3 8 4
9 10 1 10
