18 31 3801
10100001000101100
10100001000101000
10100001000100000
10100001000100000
10100001000100000
00100001000100000
00000000000100000
00000000000100001
00000000000100001
00000000000100001
01000000000100001
01000000000100001
01000000000100001
01000000000100001
01000000000100000
01000000100100010
01000000000100010
01000000000000010
001000000000000000
000000000000000000
000000000000000000
000000000000000000
000000000000000000
000000000000000000
000000000000000000
000000000000000000
000000000000000000
000000011111000000
000000000000000000
000000000000000000
000000000000000000
000000000000000011
000000111111000000
000000000000000000
000000000000000000
4 7 9 7
10 9 1 6
0 11 13 9
2 17 2 8
1 0 17 8
13 2 14 16
12 4 7 15
9 6 2 4
0 10 12 12
15 4 1 12
3 9 5 17
7 2 6 2
17 13 10 5
8 13 6 14
11 14 3 7
14 15 5 11
14 5 16 5
0 0 11 3
10 11 10 12
7 11 15 10
2 9 14 6
12 8 4 17
14 13 12 2
16 14 16 6
6 16 9 3
13 13 7 3
4 9 15 2
8 15 6 6
15 6 6 15
4 13 3 6
0 9 15 8
