16 15 3119
000000000001000
000000000000000
000000000001001
000000000001001
000000000001001
010000000001001
010000000001001
000000000001000
000000000000000
000000100000000
000000100000000
000000100000000
000000000010000
000000000010000
000000000000000
000000000000000
1111111110000000
0001111111111111
0000000000001000
0000000000000000
0000000000000000
0000000000000000
1111111000000000
0000000000000000
0000000000000000
0000000110000000
1111000000000000
1111111111110000
0000000000000000
1111100000000000
1111000000000000
8 3 0 11
5 14 5 2
5 10 2 1
5 5 10 6
9 12 13 8
9 3 3 2
3 8 6 15
7 15 13 4
2 8 3 4
9 15 8 8
15 9 13 14
10 3 15 15
10 9 12 9
11 2 11 4
2 11 8 15
