15 21 3023
00000000000000
00000000000000
00000000000000
00000000000000
00000000000000
00000000000000
00000000000000
00000000000000
00000000000000
00000000000000
00000000000000
00000000000000
00000000000000
00000000000000
00000000000000
000000000000000
000000000000000
000000000000000
000000000000000
000000000000000
000000000000000
111111111111100
000000000000000
000000000000000
000000000000000
000000000000000
000000000000000
000000000000000
000011111111111
2 0 7 14
10 10 1 6
13 5 0 12
12 6 9 10
0 2 11 6
14 12 2 2
6 5 8 2
12 14 13 0
2 14 7 5
3 12 12 9
1 2 1 5
1 0 7 0
3 7 13 13
13 2 0 10
13 7 8 8
14 14 9 9
2 10 8 1
10 1 9 8
7 3 4 7
4 11 5 8
14 0 8 6
