16 25 5006
100000010000000
100000010000000
000000000000000
000000000000000
000000000000000
000000000000000
000010000000000
000000000010000
000010000010000
000010000000000
000010000000000
000010000000000
000000000000000
000000100000000
000000100000000
000000100000000
0000000000000001
0000000100000000
0000000000000000
0000000000000000
0000000000000000
1111111111110000
0000000000000000
0000000000000000
0000000011111111
0000000000000000
0000000000000000
1111111111100000
0000000000000000
0001111000000000
0000000000000000
14 13 0 13
2 9 8 0
3 3 0 8
7 11 7 0
10 10 15 6
15 0 14 5
11 4 6 14
0 6 11 6
12 12 4 5
8 13 11 1
11 14 4 15
3 11 9 8
1 4 2 4
2 0 15 11
1 7 2 8
13 14 12 2
9 15 15 13
5 6 4 0
14 8 11 0
13 11 9 5
7 4 12 3
5 10 14 0
8 5 6 5
1 14 3 2
15 8 5 4
