20 18 2522
0000000000000000000
0000000000000000000
0000000000000000000
0000000000000000000
0000000000000000000
0000000000000000000
0000000000000000000
0000000000000000000
0000000000000000000
0000000010000000000
0000100010000000000
0000100110000000000
0000000110000000000
0000000110000000000
0000000110000000000
0000000000000000000
0000000000000000000
0000000000000000000
0000000000000000000
0000000000001000000
00000000000000000000
00000000000000000011
00000000000000000000
00000000000000000000
00000000000000000000
11100000000000000000
00000000000000000000
00000000000000000000
00000000000000000000
11111100000000000000
00000000000000000000
00000000011111111100
00000000000000000000
00000000000000000000
11111111111111111110
00000000000000000000
00000000000000000000
00000000000000000000
00000000000000000000
13 6 8 2
8 1 13 10
0 3 19 18
2 4 15 6
1 10 0 1
15 13 3 15
12 7 16 19
4 16 10 6
13 5 6 1
11 10 17 8
6 5 1 3
11 18 3 11
12 2 15 9
10 4 9 8
11 1 12 15
14 18 19 12
14 15 13 3
10 16 13 19
