17 23 1187
0000000000000000
0000000000000000
0000000000000000
0000000000000000
0000000000000000
0000000000000000
0000000000000000
0000000000000000
0000000000000000
0000000000000000
0000000000000000
0000000000000100
0000000000000100
0000000000000100
0000000000000100
0000001000000100
0000001000000100
00000000000000000
00000000000000000
00000000000000000
00000000000000000
00000000000000000
00000000000000000
00000000000000111
00000000000000000
00000000000000000
00000000000000000
00000000000000000
00000000000000000
00000000000000000
00000000000000000
00000000000000000
00000000000000000
1 1 15 1
4 9 11 16
0 5 14 3
9 5 11 8
11 13 2 11
16 6 10 9
10 0 4 1
3 5 1 3
6 6 0 0
4 14 12 5
5 9 12 14
5 7 3 2
1 8 9 7
5 0 11 9
4 12 15 13
11 14 16 5
3 10 5 3
0 13 2 4
2 1 0 10
4 16 3 11
15 6 15 11
1 4 12 9
7 14 13 4
