19 15 6557
000000000000000000
000000000000000000
000000000000000000
000000000000000000
000000000000000000
000000000000000000
001000000000000000
001000000000100000
001000000000100000
000000000000100000
001000000000100000
001000000000100000
001000000000100000
001000000000100000
001000000000100000
001000000000100000
001000000000100000
011000000000100000
011000000000100000
0000000000000000000
0000000000000000000
0000000000000000000
0000000000000000000
0000000000000000000
1111111111111110000
0000000000000000000
0000000000000000000
0000000000000000000
0000000000000000000
0000000000000000000
0000000000000000000
0000000000000000000
0000000000000000000
0000000000000111110
0000000000000000000
0000000000000000000
0000000000000000000
7 16 3 14
15 2 10 18
2 6 17 17
1 5 10 0
17 5 10 5
11 8 6 7
0 5 13 2
17 3 5 8
14 11 2 9
12 16 13 9
12 13 3 1
2 14 15 14
0 13 5 0
8 11 8 10
1 16 18 5
