17 17 4880
0000010000000000
0000000000000000
0010000000000000
0010010000001100
0010010000001100
0010010000001000
0010010000011000
0010000000011000
0010000000011100
0010000001011100
0010000001011100
0000000001011100
0100011000011100
0100011000011100
0100010000011100
0100000000010100
0000000000010100
00000000000000000
11111111111110000
00001111111111111
00000000000000000
00000000000000000
00000000000000000
00000000000000000
00000000000000000
00000000000000000
00000000000000000
00000000000000000
11111111111000000
00000000000000000
00000000000000000
00000000000000001
00000000000000000
15 6 11 16
9 6 0 14
16 7 4 10
1 16 2 9
13 6 6 16
3 4 7 7
9 3 16 12
3 8 9 16
11 12 8 2
8 4 8 10
4 6 0 8
14 6 5 0
16 14 3 0
4 16 6 3
5 3 6 14
10 6 5 2
4 2 6 12
