18 18 8714
00000000000000000
00000000000000000
00100000000000000
00000000000000000
00000000000000000
00000000000000000
00000000000000000
00000000000000000
00000000000000000
00000000000000000
00000000000000000
00000000000001000
00000000000001000
00000000000001000
00000000000011000
00000000000011000
00000000000011000
00000000000011000
000000000000000000
000000000000000000
111110000000000000
000000000000000000
111100000000000000
000000000000000000
000000000000000000
001111111111111111
000000000000111111
000000000000000000
000000000000000000
000000000000000000
000000000000000000
000000000000000000
000000000000000000
000000000000000000
000000000000000000
16 5 10 3
10 9 11 17
14 2 17 10
13 7 9 1
1 9 10 1
12 16 13 16
3 14 14 7
5 15 11 10
9 13 3 6
6 11 7 8
2 10 10 4
7 6 10 10
13 10 4 13
16 11 9 5
7 13 15 9
11 1 17 3
5 13 6 4
1 11 5 5
