13 25 4600
000001000000
000001000000
000001000000
000001000000
000001000000
000000010000
000000010000
000001010001
000001010001
000001010001
000001010001
000001010001
000001010001
0000000000000
1000000000000
0000000000000
0000000000000
0000000000000
0000000000000
0001110000000
0000000011000
0001110000000
0011110000000
0000000000000
0000000000000
12 5 3 2
7 2 11 11
5 3 4 10
2 3 2 8
6 6 8 4
9 6 3 12
2 5 5 6
9 3 12 12
10 1 6 4
11 2 2 2
4 3 12 1
0 9 10 3
6 11 7 0
11 5 0 3
1 4 0 5
0 0 0 7
9 0 8 6
7 3 1 12
1 11 0 2
1 5 10 2
1 3 5 7
10 7 2 12
3 8 9 11
8 2 10 9
2 10 6 2
