19 38 6840
110000100000000100
110000100000000100
110000100100000100
110000100100000100
110000100100000000
110000100100000000
110000100100000000
010000100100000000
010000100100000000
010000100100000000
000000000100001000
000000000110001000
000000000110001000
000000000110001000
000000000010001000
000000000010001000
000000000010001000
001000000010001000
000000000010001000
0000000000000000000
0011110000000000000
0000000000000000000
0000000000000000000
0000000000000000000
0000000000000000000
0000000000000000000
0000000000000000000
0000000000000000000
0000000000000001000
0000000000000000000
0000000000000000000
0000000000000000000
0000000111100000000
0000000000000000000
0000000000000010000
0000000000000000000
1111111111000000000
4 10 0 16
18 10 3 8
9 10 9 16
12 6 4 13
18 1 16 17
0 17 7 16
17 7 14 6
0 15 8 0
7 18 0 10
9 4 17 5
6 9 18 3
10 13 17 18
8 10 0 14
4 12 11 0
13 2 10 1
10 2 7 9
6 8 1 8
11 9 5 13
16 16 13 17
18 15 7 5
8 5 15 6
11 14 2 13
4 18 9 1
1 16 4 9
9 18 11 11
11 16 7 4
15 5 17 12
16 8 11 3
15 1 1 5
12 14 9 7
2 17 13 3
18 2 15 15
17 10 17 13
3 4 7 1
8 17 0 2
3 6 17 15
9 6 1 14
16 3 18 17
