14 11 3981
0000100000000
0000100000000
0000100000000
0000100000000
0000100000000
0000000000000
0000000000000
0000000000000
0000000000000
0000000000000
0000000000000
0000000000000
0001000000000
0001000000000
00000000001111
00000000000011
00000000000000
00000000000000
00000000000000
00111111111111
00111111111111
00000000000000
00000000000000
11111000000000
00000000000000
00000000000000
00000000000000
4 12 1 8
12 4 6 12
11 0 8 6
4 1 8 4
11 13 7 10
1 7 2 0
10 2 7 11
10 9 0 4
6 1 12 5
13 9 2 1
13 11 9 5
