18 22 5012
00000001000000000
00000001000000000
00000000000000000
00100000000000000
00101000000000000
00101000000000000
10101000000000000
10101010010000000
10101010010000000
10101010010000000
10101010010000000
10101011010000000
10111011010000000
10111010010000000
10101010010010000
10101010010010000
10101010010010000
10101010010010000
000000000000000000
110000000000000011
000011111111111111
000001111110000000
000000000000000000
000000000000000000
000000000000000000
000000000000000000
000000000000000000
000000000000000000
000000000000000000
000000000000000000
000000011000000000
000100000000000000
000000000100000000
000000000000000000
000000000000000000
5 10 17 17
9 17 6 17
1 1 11 17
15 6 15 5
12 7 17 1
1 12 9 8
2 13 9 15
3 11 6 5
1 13 4 10
10 11 15 1
8 11 8 2
6 2 2 9
16 12 13 14
10 7 11 10
2 12 4 4
1 6 4 12
11 8 6 6
15 13 9 11
6 0 16 3
14 6 13 5
9 14 7 9
2 14 0 9
