16 30 2892
000001000000000
000000000000000
000000000000000
000010001000000
000010001000000
000010001000000
000010001000100
001010000000100
101010000000100
101010000001000
101010000001000
101010000001000
101000000001000
101000000000000
101001000000000
101001000000000
0000000000000000
0000111111111111
0011111111111111
0000000000000000
0000000000000000
0000000000000000
0000000000000000
0000000000000000
0000000000111111
0000011100000000
0000000000000000
0000000000000000
0000000000000000
0000000000000000
0000000000000000
7 11 13 0
7 8 14 13
10 10 12 6
7 13 11 6
5 15 8 9
4 4 8 13
7 15 14 0
3 5 12 11
9 0 15 13
13 10 12 12
7 2 11 5
6 8 13 15
1 15 10 5
15 15 3 1
5 4 11 1
11 9 5 9
2 4 14 11
3 14 12 13
8 6 8 1
13 1 1 10
5 13 15 3
1 9 9 15
8 11 5 2
14 4 10 8
4 7 5 7
1 7 4 3
6 9 7 10
12 0 13 9
0 7 0 3
2 11 8 14
