15 8 487
00000000010000
00000000010000
00000000010000
00010000010000
00000000010000
00000000010000
00000000010000
00000000011000
00000000011000
00000000011000
00000000001000
00000000001000
00000000001000
00000000001000
00000000001000
000000000000000
000000000000000
000000000000000
111111000000000
000000000000000
000000000000000
111000000000000
000000000000000
000000000000000
000000000000000
000000000000111
000000000000000
000000000001000
000000000000000
4 4 3 9
0 13 9 3
6 1 1 5
13 10 4 1
5 0 2 9
8 3 14 1
10 12 10 4
11 5 8 0
