16 21 1410
000000000000000
000000000000000
000000000000000
000000000000000
000000000000000
000000000000000
000000000100000
000000000100000
000000000100000
000000000100000
000000000100000
000000000100000
000000000100000
000000000100000
000000000100000
000000000100000
0000000000000000
0000000000000000
0000000000000000
0000000000000000
0000000000000000
0000000000000000
0000000000110000
0000000000000000
0000000000000000
0000000000000000
0000000000000000
0000000000000000
0000000000000000
0000000000000000
0000000000000000
7 3 10 4
10 14 12 5
4 7 9 5
5 2 6 15
3 12 0 10
7 0 1 4
3 13 7 12
5 15 3 4
3 8 8 7
2 4 0 7
0 3 9 1
6 11 2 15
12 15 10 7
1 3 7 1
2 8 0 9
6 5 11 0
14 5 4 9
15 8 9 12
10 5 14 11
8 10 2 5
3 7 1 6
