17 16 2439
0000000100000000
0000000100000000
0000000100000000
0000000100000000
0000000100000000
0000000100000000
0000000100000000
0000000100000000
0000000100000000
0000000100000000
0000000100000000
0000000100000000
0000000000000000
0000000000000000
0000000000000000
0000000000000000
0000000000000000
00000000000000000
00000000000000000
00000000000000000
00000000000000000
00000000000000000
11110000000000000
00000000000000000
00000000000000000
00000000000000000
00000000000000000
00000000000000000
00000000000000000
00000000000000000
00000000000000000
00000000000000000
00000000000000000
5 15 14 0
0 3 5 4
10 9 8 2
14 13 11 10
14 11 5 11
6 14 12 3
0 8 12 5
15 10 0 14
1 2 5 9
2 1 5 5
16 14 5 14
4 6 16 9
5 12 0 0
4 14 1 11
4 8 8 1
15 1 12 11
