20 29 2778
0000000000000000000
0000000000000000100
0000000000000000100
0000000000000000100
0000000000000000100
0000000000000000100
0000000000000010100
0000000000000010100
0000000000000010100
0000010000000010100
0000010000000010100
0000010000000010100
0000010000000010100
0000000000000010100
0000000000000000100
0000000000000000100
0000000000000001100
0000000000000101100
0000000000000101100
0000000000000101100
00000000000000000000
00000000000000000000
00000000000000000000
00000000000000000000
11111111111110000000
00000000000000000000
00000000000000000000
00000000000000000000
00000000000000000000
00000000000000000000
00000000000000000000
00000000000000000000
11111111000000000000
11111111111111110000
00000000000000000000
00000000000000000000
00000000000000000000
00000000000000000000
00000011111111000000
19 14 15 0
2 11 7 10
2 9 11 10
4 12 8 6
17 1 7 11
2 5 4 17
17 17 5 12
11 19 5 3
11 8 10 15
1 6 6 5
8 2 4 19
19 9 5 11
1 14 16 13
1 16 8 10
17 11 5 5
4 6 1 17
12 8 10 3
0 14 11 4
3 9 12 17
16 12 14 3
5 10 12 16
13 6 14 5
10 13 4 14
3 3 1 9
6 19 16 6
4 15 8 12
15 7 9 5
18 19 18 7
5 15 6 16
