17 24 12697
1000001000000001
1000001000000001
1000001000000001
1000001000000001
1000001000000001
1000001000000001
1000001000000001
1000001000000000
1000000000000000
1000000000000000
1000000000000000
1000000000000000
1000000000000000
1000000000000000
1000000000000000
0000000000000000
0000000000000000
00000000000000000
00000000000000000
00000000000000000
00000000000000000
01100000000000000
00000000000000000
00000000000000000
00000000000000000
00000000000000000
00000000000000000
00000000000000000
01111111111110000
00000000000000000
01111111000000000
00000000000000000
00000000000000000
16 14 8 12
3 11 16 9
15 5 11 4
15 6 9 5
16 5 14 11
0 8 11 11
5 12 4 3
6 13 14 3
11 5 7 1
7 15 13 13
14 8 5 1
0 12 6 15
9 16 12 8
0 0 13 8
1 13 2 5
5 6 11 10
2 1 12 3
12 4 12 12
8 8 7 6
10 0 1 10
0 9 16 15
5 3 5 11
8 6 14 13
15 3 6 9
