20 21 2128
0000000000000000000
0000000000000000000
0000000000000000000
0000000000000000000
0010000000100000000
0010000000000000000
0010001000000000000
0010001000000000000
0000001000000000000
0000001000000000000
0000001000000000000
0000001000000000000
0000001000000000000
0000001000000000000
0000001000000000000
0000001000000000000
0000001000000000000
0000001000000000000
0000001000000000000
0000001000000000000
11000000000000000000
00000000000000000000
00000000000000000000
11111111111100000000
00000000000111111000
00000000000001111111
00000000000000000000
00000000000000000000
00000000000000000000
00000000000000000000
11000000000000000000
00000000000000000000
00000000000001111111
00000000000000000000
00000000000000000000
00000000000000000000
00000000000000000000
00000000000000000000
00000000000000000000
4 4 11 12
18 7 13 8
10 2 16 14
13 3 9 2
2 1 18 2
15 4 10 0
1 5 2 13
15 12 13 4
1 0 16 15
9 1 15 10
14 15 5 0
19 19 19 17
3 1 3 5
18 0 4 13
0 15 8 4
0 1 19 0
0 17 13 12
2 3 0 2
0 9 8 0
0 19 12 1
4 10 17 6
