18 21 8378
00000000000000000
00000000000000000
00000000000000000
00000000000000000
00000000000000000
00000000000000000
00000000000000000
00000100000000000
00000100000000000
00000100000000000
00000100000000000
00000100000000000
00000100000000000
00000100000000000
00000100000000000
00000100000000000
00001100000000000
00001100000000000
000000000000000000
000000000000000000
000000000000000000
111111000000000000
000000000000000000
000000000000000000
000000000000000000
111000000000000000
000000000000000000
000000000000000000
000000000000000000
000000000000000000
000000000000000000
000000000000000000
000000000000000000
000000000000000000
000000000000000000
7 2 12 2
6 9 12 5
7 5 5 16
5 8 16 13
1 0 17 12
7 17 1 15
0 10 17 7
14 15 3 8
12 11 17 2
2 13 10 10
16 5 5 4
2 17 4 4
13 15 5 17
13 5 0 0
12 8 10 15
4 17 15 12
9 5 15 8
9 15 7 6
2 2 2 16
14 13 10 7
16 14 1 13
