17 16 1657
0000000000000000
0000000000000010
0000000000000010
0000000000000010
0000000000000010
0001000000000010
0001000000000010
0001000000000000
0001000000000000
0001000000000000
0001000000000000
0001000000000000
0001000000000000
0001000000000000
0001000000000000
0000000000000000
0000000000000000
00000000000011111
00000000000000000
00000000000000000
00000000000000000
00111111111111100
00000000000000000
00000000000000000
00000000000000000
00000000111111111
00000000000000000
11100000000000000
00000000000000000
00000000000000000
00000000000000000
00000000000000000
00000000000000000
10 9 8 8
9 4 13 12
7 12 1 8
0 8 10 4
2 3 6 12
8 9 9 13
1 0 9 1
14 15 1 15
4 4 11 0
16 15 16 12
10 2 2 5
9 9 8 12
14 10 4 1
13 9 0 14
9 16 4 5
7 13 8 7
