17 19 8703
0000000000000100
0000000000000100
0000000000000100
0000000000000000
0000000000000000
0000000000000000
0000000000000000
0000000000000000
0000000000000000
0000100000000000
0000100000000000
0001110001000000
0001110001000000
0001110001000000
0001100000000000
0000000000000000
0000001000000000
00000000000000000
00000001111111000
00000000000000000
11111111111000000
00000000000000000
00000000000000000
00000000000000000
11000000000000000
00000000000000000
00000000000000000
00000111110000000
00000000000000000
00000000001111110
00000000000000000
11111000000000000
00000000111111111
4 16 7 3
6 2 12 11
10 15 1 15
7 11 16 16
9 11 8 0
9 14 16 11
0 16 4 6
12 15 14 2
7 8 9 15
2 10 1 5
3 13 10 3
16 12 14 14
14 10 15 9
3 9 10 14
0 1 11 10
15 1 14 8
6 15 2 5
10 16 8 11
12 14 8 6
