20 13 2508
0100000000000000000
0100000000000000000
0100000000000000000
0100000000000000000
0100000000000000000
0100000000000000000
0100000000101000000
0100000000101000000
0100000000101000000
0100000000000000000
0100000000000000000
0100000000000000000
0100000000000000000
1000000000000000000
1000000000000000000
1000000000000000000
1000000000000000000
1000000000000000000
1000000000000000000
1000000000000000000
00000000000000000000
00000000000000000000
00000000000111111111
00000000000000000000
00000000000111111111
00000000000000000000
00000000000000000000
00000111111000000000
00000011111111111111
00000000000000000000
00000000000000000000
00000000000000000000
00111111111100000000
01111111111100000000
01111111111111000000
00000000000000000000
00000000000000000000
00000000000000000000
00000000000111111111
15 17 9 16
1 4 15 3
13 4 0 14
10 0 10 8
3 6 1 1
0 4 17 5
0 3 10 3
19 12 7 6
2 2 0 17
18 7 9 0
12 12 9 18
7 1 6 9
18 4 8 18
