20 24 3641
0101000000000000000
0001000000000000000
0001000000000000000
0001000000000000000
0001000000000000000
0001000000010000000
0001000000010000000
0001000000010000000
0000000000010000000
0000000000010000000
0000000000010000000
0000000000010000000
0000000000000000000
0000000000000000000
0000000000000000000
0000000000000000000
0000000000000000000
0000000000000000000
0000000000000000000
0000000000000000001
00000000000000000000
00000000000000000000
00000000000000000000
00000000000000000000
00000000000000000000
00000000000000000000
00000000000000000000
00000000000000000000
00000000000000000000
00000000000000000000
00000000000000000000
00000000001111111111
00000000000000000000
00000000000000000000
00000001111111111111
00000000000000000000
00000000000000000000
00000000000000000000
00000000000000000000
12 11 10 0
2 18 7 3
10 4 12 2
2 19 9 10
6 10 16 2
4 7 8 3
16 8 2 4
7 5 5 9
16 5 12 14
14 9 5 14
15 2 8 11
0 3 11 3
12 3 17 16
2 13 8 6
8 7 6 8
18 18 8 15
9 1 12 19
5 0 18 1
19 4 7 7
14 2 14 17
5 11 5 13
10 19 11 5
15 11 6 3
16 19 16 14
