17 26 3654
1000100000000000
1000100000000000
1000100000000000
1000100000000000
1000000010000000
1000000010000000
1000000010000000
0000000010000000
0000000010000000
0000000010000000
0000000010000000
0000000010000000
0000000010000000
0000000010000000
0000000000000000
0000000000000000
0000000000000000
00000000000000000
00000000000000000
00000000000000000
00000000011111111
00000000000000000
00000000000000000
00000000000000001
00000000000000000
00000000000000000
00000000000000000
00000000000000000
00000000000011111
00000000000000000
00000000000000000
00000000000000000
00000000000000000
1 1 11 14
4 2 5 12
8 16 2 11
0 12 1 2
5 7 16 4
14 7 15 14
5 3 11 5
15 0 9 15
5 5 3 3
11 16 16 0
0 1 11 12
8 4 9 10
4 9 8 11
11 15 4 0
12 8 6 10
13 14 14 15
11 11 4 13
7 5 16 6
11 9 2 14
12 6 3 16
16 15 11 10
2 8 2 15
14 0 10 4
3 11 0 14
9 3 4 1
6 12 1 16
