19 22 4345
000000000000000010
000000000000000010
000000000000000010
000000000000000010
000000000000000010
000000000100000010
000000000100000010
000000000100000010
000000000110000011
000000000110000011
000000000110000011
000000000100000011
000000000100000011
000000000100000001
000000000100000001
000000000100000001
001000000100000001
001000000110000001
001000000110000001
0000000000000000000
1111000000000000000
1111111111111110000
0000000000000000000
0000000000000000000
0000000000000000000
0000000000000000000
0000000000111110000
0000000000000000000
0000000000000000000
0000000000000000000
0000000000000000000
0000000000000000000
0000000000000000000
0000000000000000000
0000000000000000000
0000000000000000000
0000000000000000000
8 5 10 17
0 8 15 4
10 1 2 8
13 3 2 14
16 13 10 6
3 12 17 14
7 12 9 6
13 18 17 18
0 2 1 5
10 10 2 16
12 2 6 14
14 18 4 2
2 17 1 15
13 6 0 13
18 11 6 11
14 7 12 3
9 9 6 9
9 4 11 11
5 18 3 18
9 3 2 15
0 4 6 6
16 12 16 7
