19 28 4627
000000100000000000
000000100000000000
000000000000000000
000000000000000000
000000000000000000
000000000000000000
000000000000000000
000001000000000000
000001000000000000
000001000010000000
000001000010000000
000001000010000000
000001000010000000
000001000010000000
000000000010000000
000000000010000000
100000000010000000
100100000010000000
110100000010000000
0000000000000000000
0000000000000000000
0000000000000000000
1111000000000000000
0000000000000000000
1111111100000000000
0000000000000000000
0000000000000000000
0000000000000000000
0000000000000000000
0000000000000000000
0000000000000000000
1000000000000000000
0011111111100111111
1111111111000000000
0000000000000000000
0000000000000000000
0000000000000000001
17 2 11 14
16 11 0 4
13 8 10 0
18 9 1 15
0 5 7 6
15 9 6 6
6 7 14 1
3 17 10 1
8 9 3 8
4 3 13 5
15 0 14 10
9 6 1 3
14 8 6 13
3 15 17 3
14 7 10 3
18 1 18 12
5 6 16 3
8 13 15 4
16 15 2 12
11 10 2 1
3 5 16 18
16 12 17 13
14 6 6 1
10 5 1 4
18 15 1 12
16 13 4 1
18 16 5 14
13 18 12 10
