20 20 5625
0000100000000000000
0000100000000000000
0000000000000000000
0000000000000000000
0000001000000000000
0000001000000000000
0000001000000100000
0000001000000100000
0000001000000100000
0000001000000100000
0000001000000110000
0000001000000110000
0000001000001110000
0000001000001110000
0000000000001110000
0000000000001110000
0000000000001110000
0000000000001110000
0000000000001110000
0000000000001110000
00000000000000000000
00000001111111111111
00000000000000000000
11111110000000000000
00000000000000000000
00000000000000000000
00000000000000000000
00000000000000000000
00000000000000000000
00000000000000000000
00000000000000000000
00000000000000000000
00000000000000000111
00000000000000000000
00000000000000000000
00000000000000000000
00000000000000000000
00000000000010000000
00000000000000000000
11 0 6 14
0 17 8 12
14 9 12 18
2 11 18 2
6 8 17 5
12 11 1 19
9 0 18 10
18 13 0 4
2 14 13 11
0 12 0 3
8 13 14 4
6 13 0 2
9 6 10 13
7 6 9 3
7 2 1 1
15 10 6 4
17 6 0 6
4 19 7 4
6 2 8 17
6 1 12 10
