15 24 3882
00101000101001
00101000101000
00101000001000
00101000001000
00001000000000
00001000000000
00001000000000
00001000000000
00001000000000
00000000000000
00000000001000
01000000001000
01000000001000
00000000001000
00000000001000
000000000000000
000000000000000
000001000000000
000000000000000
000000000000000
000000000000111
000000000011111
000000000000000
000000000000000
000000000000000
111111110000000
000000000000000
000000000000000
000000000001000
1 0 2 2
13 2 8 2
8 3 12 5
9 2 5 3
7 8 2 12
14 0 14 7
1 12 9 7
11 13 14 6
10 4 10 1
7 4 14 10
3 1 7 3
3 9 1 14
0 13 8 8
6 7 8 0
9 1 11 9
0 3 4 4
12 11 9 3
4 1 1 5
8 4 12 0
2 7 11 6
13 9 10 10
12 2 2 6
4 13 4 12
6 6 12 10
