17 24 5751
0000100000000000
0000100000000000
0000100000000000
0100100000000000
0100100000010000
0000000000010000
0000000000000001
0000000000000001
0000000000001001
0000000000001001
0000000000001001
0000000000001001
0000000000001001
0000000000001000
0000000100001000
0000000100001000
0000000100001000
00000000000000000
00000000000000000
11100000000000000
00000000001100000
00000000000000000
11111111111111110
00000000000000000
00000000000000000
00000000000000000
00000000000000000
00000000000000000
00000000000000000
00000000000000000
00000000000001000
00000000000000000
00000000000000000
3 10 0 10
9 15 6 3
1 0 1 9
16 0 11 16
5 15 14 14
2 13 11 5
16 3 4 7
4 1 8 14
15 11 6 12
7 8 3 16
0 15 16 10
11 2 12 14
2 10 14 11
8 13 6 14
16 1 3 4
14 9 7 7
5 7 4 13
5 14 2 5
5 10 4 3
15 5 15 10
4 2 10 1
8 3 3 14
13 9 1 14
11 14 11 6
