18 14 8524
00000100010000000
00000100010100000
00000100010100000
00000100010100000
00000100010110000
00000100010110000
00000100010110000
00000100010110000
00000100010110000
00000100000110000
00000100000110000
00000000000110000
00000000000110000
00000000000110000
00000000000110000
00100000000110000
00100000000110000
00100000000000000
000000000000000000
000000000000000000
000000000000000000
000000000000000000
000000000000000000
000000000001000000
000000000000000000
000000000000000000
000000000000000000
000000000000000000
000000000000000000
000000000001000000
000000000000000000
000000000000000000
000000000000000000
000000000000000000
000000000011111111
7 1 15 4
11 3 4 9
2 3 17 1
4 7 8 17
0 1 12 9
3 15 14 11
17 12 13 12
0 12 2 5
3 4 7 4
12 4 9 17
14 13 1 16
10 11 8 14
5 8 8 16
4 14 8 8
