19 14 2718
000000000000000000
000000000000000000
000000000000000000
000000000000000000
000000000000000000
000000000000000000
000000000000000000
000000000000000000
000000000000000000
000000000000010000
000000000000010000
000000000000010000
100000000000000000
100000000000000000
100000000000000000
000000000000000000
000000000000000000
100000000000000000
100000000000000000
0000000000000000000
0000000000000000000
0000000000000000000
0000000000000000111
0000000000000000000
0000000000000000000
0000000000000011111
0000000000000000000
0000000000000000000
1111111110000000111
0000000000000000000
1111111111111111000
0000000000000000000
0000000000000000000
0111111111111111000
0000000000000000000
0000000000000000000
0000000000011111111
3 9 9 17
2 16 15 17
0 13 2 8
1 18 2 18
17 15 15 8
15 2 9 13
3 17 9 6
4 10 5 2
5 11 7 3
7 14 8 12
17 1 17 4
7 8 18 1
3 1 15 1
16 3 14 4
