20 12 1558
0000100010000000000
0000100010000000000
0000000010000100000
0000010010000100000
0000010010000100000
0000010010000100000
0000010000000100000
0000010000001100000
0000010000001100000
0000010000001100000
0000000000001100000
0000000000001100000
0000000000011100000
0000000000011100000
0000000000001100000
0000000000000000000
0000000000000000000
0000000000000000000
1000000000000000000
0000000000000000000
00000000000000000000
00000000000000000000
00000000000000000000
00000000000111000000
00000000000000000000
11111000000000000000
00000000000000000000
00000000000000000000
00000000000000000000
11111111111100000000
00000000000000000000
00000000000000000000
00000000000000000000
00011111111110000000
00001111111111111111
00000000000000000000
00000000000000000000
11111111111000000000
00000000000000000000
15 13 15 17
18 12 13 12
11 7 0 18
2 16 0 19
13 10 8 12
18 13 15 4
10 2 8 3
19 1 1 16
4 13 18 6
0 4 11 3
8 2 11 12
5 5 5 1
