17 34 10872
0000000000000000
1010001000000010
1010000000000010
1010000000000010
1010000000000010
1010000000000000
1010000001000100
1010000001000100
1010000000000100
1010000000000100
1000000000010100
1000000000010000
1000000000010010
0000000000010010
0000000000110010
1000000000110010
1000000000110010
11111111111111110
00000000000000000
00000000000000000
00000000000000000
00000000000000000
00001111111111111
00000000000000000
00000000000000000
01000000000000000
00000000000000000
00000000000000000
00000000000000000
00000000000000001
00000000000000000
00000000000000000
00000000000000000
15 10 12 16
4 5 4 12
14 2 3 2
6 7 11 15
13 15 12 12
11 2 8 12
16 15 14 4
15 8 1 10
9 8 6 16
13 0 5 1
13 1 6 10
15 14 3 9
15 3 0 3
8 2 2 12
10 5 0 14
15 5 2 16
13 11 4 2
3 15 9 16
6 1 9 7
12 6 1 12
9 3 8 3
14 10 13 7
11 3 4 15
7 0 11 10
3 0 16 0
8 6 6 14
0 1 13 6
9 4 2 3
8 7 11 7
2 8 7 6
1 13 10 8
2 11 3 13
4 8 4 0
3 12 11 4
