16 12 1364
000000000100000
000000000100000
000000000100000
000000000100000
000000000000000
000000000000000
010000000000000
010000000000000
010000000000000
010000000000000
010000000000000
010000000000000
000000000000000
000000000000000
000000000000000
000100000000000
0000000000000000
0000000000000000
0000000000000011
0000000000000000
0000000000000000
0011111100000000
0000000111111111
0000000000000001
0000000000000000
0000000000000000
0000000000000000
1111111111111100
0000000111111111
1111111111110000
1000000000000001
9 14 15 11
9 10 11 12
11 9 9 0
0 9 8 15
12 4 1 4
0 11 9 8
11 7 15 10
2 11 8 12
9 9 14 9
1 11 15 8
2 12 7 15
13 9 6 5
