19 15 2791
000000000001001010
000000000001001010
000000000001001010
000000000001001010
000000000001001010
000000000001001000
000000000001001000
000000000001001000
000000000001001000
000000000001001000
000000000001001000
000000000001001000
000000000001001000
000000000001001000
000000000001001000
000000000001000000
000000000000000000
000000000000000000
000000000000000000
0000000000000000000
0000000000000000000
0000000000000000000
0000000000000000000
0000000000000000000
0000000000000000000
0000000000000000000
0000000000000000000
1111111111100000000
0000000000000000000
0000000000000000000
0000000000000000000
0000000000000000000
0000000000000000000
0000000000000000000
0000000000000000000
0000000000000000001
0000000000000000000
11 6 5 10
14 4 11 0
16 10 17 2
17 9 14 6
8 12 15 9
8 17 3 5
12 15 16 15
0 8 13 11
3 8 3 7
6 12 12 3
2 18 9 6
10 16 3 14
13 8 16 17
5 11 11 5
3 1 8 15
