15 28 6542
00000000000000
00000000000000
10000000000000
10000010000000
10000010100000
10100010100000
10100010100000
10100010100000
10100010100000
10100010000000
10100000000000
10100000000000
10100000000000
10100000000000
00100000000000
000000000000000
111111100000000
000000000000000
000000000000000
000000000000000
000000000000000
000000000000000
000000000000000
000000011110000
000001111111111
000000000000000
000000000000000
000000000000000
000000000000000
13 13 0 4
7 4 12 10
2 7 11 0
12 11 6 6
7 3 0 7
2 10 7 11
0 11 12 13
14 0 3 8
1 6 10 14
8 5 10 11
1 3 13 10
14 10 4 4
9 4 9 9
3 10 10 4
4 10 7 10
1 11 6 3
14 4 3 1
13 0 11 13
5 7 8 9
6 12 10 2
10 6 2 11
0 8 12 9
4 9 11 7
7 7 14 13
3 14 8 2
7 1 13 4
8 14 0 13
14 7 6 1
