18 21 9649
00000000000000000
00000000010000000
00000000000000000
00000000000000000
00000000000000000
00000000000000000
00000000000000000
00000000000000000
00000000000000000
00000000000000000
00000000000000000
00000000000000000
00000000000000000
00000100000000000
00000100000000000
00000100000000000
00000100000000000
00000100000000000
000000000111111111
000000000000000000
000000000000000000
000000000000000000
000000000000000000
000011111111111111
111111111111111110
000000000000000000
000000000000000000
000000000000000000
000000000000000000
000000000000000000
111100000000000000
000000001111111111
000000000000000000
000000000000000000
000000000000000000
4 14 17 14
3 17 4 6
17 1 5 3
10 2 10 0
9 10 2 1
9 12 11 17
12 0 15 10
14 3 0 14
11 12 13 12
9 17 9 5
3 9 7 13
6 12 11 7
1 15 3 0
12 8 13 13
10 4 14 5
7 2 17 7
16 8 7 17
6 5 12 10
1 10 11 16
0 9 16 6
16 13 17 17
