18 15 1554
01101000000000100
01101000000000100
01101000000000100
01001000000110100
01001000000110100
01001000000110100
01000000000110100
01000000000110100
01000000000110100
01000000000110100
01000000000110100
01000000000000100
01000000000000100
00000000000000100
00000000001000100
00000000001000100
00100000000000000
00100000000000000
000000000000001000
000000000000000000
000000000000000000
000000000000000000
000000000000000000
000000000000000000
000000000000001000
000000000000000000
000000000000010000
000000000000000000
000000001111111000
000000000000111000
000111111111111000
111111111111100000
000000000000000000
000000000000000000
000000000000000000
11 8 10 16
7 10 11 6
16 12 1 9
15 10 12 7
2 3 6 9
9 2 1 4
6 11 7 1
16 5 11 17
17 0 6 0
12 11 17 16
6 16 16 4
5 1 9 0
8 16 13 2
14 6 2 7
13 6 16 0
