15 12 3635
00000001010000
00000001010000
10010001010000
10010001010000
10010001010000
10010000000000
10010000000000
10010000000000
10010000000000
10011000000000
10011000000000
10011000000000
10011000000000
10011000000000
10011000000000
000000000000000
000000000000000
000000000000000
000000000000000
000000000000000
000000000000000
000000000000000
000000000000000
000000000000000
000000000000000
000000000000000
000000000001111
000000000000000
000000000000000
7 3 13 1
14 5 3 11
13 8 8 1
8 14 5 2
4 11 12 6
0 9 14 1
1 0 8 12
11 9 12 7
14 13 12 1
6 10 14 8
7 9 5 13
0 7 14 10
