15 8 402
00000000000000
00000000000000
00001000000000
00001000000000
00001000000000
00000000000000
00000000000000
00000000000000
00000000000000
00000000000000
00000000000000
00000000000000
00000000000000
00000000000000
00000000000000
000000000000000
111111111110000
000000000000000
000000000000000
000000000000000
000000000000000
000000000000000
000000000000000
000000000000000
000000000000000
000000000000000
000000000000000
000000000000000
000000000000000
10 2 5 10
11 6 4 10
6 5 14 3
8 7 8 10
6 1 3 3
5 2 3 2
7 11 6 7
9 9 4 12
