20 12 1077
0000000000000010000
0000000000000000000
0000000000000000000
0000000000000000000
0000000000000000000
0000000000000000000
0000000000000000000
0000000000000000000
0000000000000000000
0000000000000000000
0000000000000000000
0000000000000000000
0000000000000000000
0000000000000000000
1000000000000000000
1000000000000000000
1000000000000000000
1000000000000000000
1000000000000000000
1000000000000000000
00000000000000000000
00000000000000000000
00000000000000000000
00000000000000000000
00000000000000000000
10000000000000000000
00000000000000000000
00000000000000000000
00000000000000000000
00000000000000000000
00000000000000000000
00000000000000000000
00000000000000000000
00000000000000000000
00000000000000000000
00000000000000000000
00000000000000000000
00000000000000000000
00000000000000000000
15 13 18 17
13 7 17 17
17 16 1 2
7 0 18 13
13 5 12 17
4 9 12 0
2 12 9 6
2 7 8 11
5 2 3 8
13 0 12 11
19 18 14 12
5 7 8 18
