16 9 2048
000100000001000
000100000000000
000100000000000
010100000000010
010100000000010
010100000000010
010100000000010
010100000000010
010000000000010
110010000000010
110010000000010
110010000000010
110010000000010
110010000001010
110010000001010
110010000001010
0000000000000000
0000000000000000
0000111111111000
0000000000000000
0000000000000000
0001000000000000
0000000000000000
0000000000000010
0000000000011100
0000000000000000
0000000000000000
0000000000000000
0000000000000000
0000000000000000
0000000000000000
10 7 1 14
4 2 6 0
10 5 0 3
7 11 5 1
11 12 15 5
11 3 5 12
8 14 14 14
8 13 12 4
4 13 11 9
