15 23 4608
00000000000000
00000000000000
00000000000000
00000000000000
00000000000000
00000000000000
00000000000000
00000000000000
00000000000000
00000000000000
00000000000000
00000000000000
00000000000000
00000000000000
00000000000000
000000000000000
100000000000000
000000000000000
000000000000000
000000000000000
000000000000000
000000000000000
000000000000000
000000000000000
000000000000000
000000000000000
000000000000000
000000000000000
000000000000000
14 12 6 7
2 4 8 10
6 5 13 13
9 5 3 11
7 5 7 11
7 0 13 6
0 2 5 14
9 4 7 9
11 0 8 12
0 0 9 0
11 2 2 5
0 4 11 11
2 9 14 14
1 6 4 11
2 3 3 7
12 0 10 10
12 13 9 14
5 2 5 10
8 8 10 1
9 11 12 14
2 8 11 9
11 3 7 12
10 13 9 7
