15 24 6328
00000000000000
00000000000000
00000000000000
00000000000000
00001100000000
00001100000000
00001100000000
00001100000001
10001100000001
10001100000001
10001100000001
10001100000001
10001000000001
10011000000001
10011000000001
000000000000000
000000000000000
111111000111111
000000000000000
000000000000000
000000000000000
000000111100000
000000111110000
000000011111110
000000000000000
000000111000000
001111111000000
000000000000000
000000000000000
1 1 7 3
5 7 12 14
1 3 7 10
3 9 0 9
12 9 11 9
11 4 9 11
12 2 9 0
11 2 3 4
7 9 1 8
6 10 3 12
7 7 5 8
11 0 8 2
8 11 11 5
6 14 7 2
13 12 11 14
6 11 14 11
2 12 12 11
8 9 4 10
1 4 2 13
12 3 9 4
6 3 10 11
5 9 4 12
13 5 11 11
14 2 1 11
