19 35 17449
000000000000000000
000000000000000000
000000000000000000
000000000000000000
000000000000000000
000000000000000000
000000000000000000
000000000001000000
000000000001000000
000000000001000000
000000000001000000
000000000000000000
000000000000000000
000000000000000000
000000000000000000
000001000000100000
000001000000100000
000001000000100000
000101000000100000
0000000000000000000
0000000000111111111
0000111111111111111
0000000000000000000
0000000000000000000
1111111111111110000
0000000001111111111
0000000000000000000
0000000000000000000
0000000000001110000
1111111111100000000
0000000000000000000
1111111111111111100
1111111111111000000
0000000000000000000
0000000000000000000
1000000000000000000
0000000000000000000
7 6 3 12
10 11 1 8
14 3 2 3
11 18 3 11
11 13 15 8
10 18 3 17
4 15 10 5
12 1 5 8
15 17 15 7
12 10 17 2
7 18 10 1
12 6 0 13
8 1 15 10
7 11 15 12
4 13 11 7
11 5 7 14
12 15 9 12
2 12 14 1
2 18 12 8
9 17 11 16
14 11 7 8
3 0 18 1
6 10 14 14
2 14 9 14
8 16 6 13
1 4 18 2
16 6 1 6
16 8 8 11
14 5 11 2
17 17 13 17
17 16 1 11
16 15 1 15
3 6 10 14
1 17 11 1
9 16 5 17
