19 37 9352
000000100000000000
000000100000000000
000000100000000000
000000100000000000
000000100000000000
000000100000000000
000000100000000000
000000100000000000
000000100000000000
000000100000000000
000000100000000000
000000100000000000
000000100000000000
000000100000000000
000000100000000000
000000000000000000
000000000000000000
000000000000000000
000000000000000000
0000000000000000000
0000000000000000000
0000000000000000000
0000000000000000000
0000000000000000000
0000000000000000000
0000000000000000000
0000000000000000000
0000000000000000000
0000000000000000000
0000000000000000000
0000000000000000000
0000000000000000000
0000000000000000000
0000000000000000000
0000000000000000000
1111111000000000000
0000000000000000000
2 2 14 16
8 16 9 6
18 17 12 17
12 4 3 12
16 10 18 9
18 0 14 2
8 0 8 13
11 0 10 11
7 4 0 3
18 11 6 5
18 10 2 15
7 14 17 14
15 13 4 15
9 0 17 3
0 8 1 16
11 3 13 15
7 3 11 7
3 3 0 4
4 1 10 14
1 3 13 13
2 8 4 0
3 8 8 8
5 13 18 3
7 7 7 1
4 9 7 9
14 13 1 6
12 18 12 14
5 12 16 4
8 17 9 7
2 14 15 12
11 12 4 11
4 14 0 14
16 1 14 4
6 12 7 11
1 10 0 1
6 4 11 18
16 7 7 6
