19 29 3528
000000000000000000
000000000000000000
000000000000000000
000000000000000000
000000000000000000
000000000000000000
000000000000000000
000000000000000000
000000000000000000
000000000000000000
000000000000000000
000000000000000000
000000000000000000
000000000000000000
000000000000000000
000000000000000000
000000000000000000
000000000000000000
000000000000000000
0000000000000000000
0000000000000000000
1111110000000000000
0000000000000000000
0000000000000000000
0000001111111111111
0000000000000000000
0000000000000000000
0000000000000000000
0000000000000000000
0000000000000000011
0000000000000000000
0000000000000000000
0000000000000000000
0000000000000000000
0000000000000000000
0000000000000000000
0000000111111111111
0 16 0 0
11 7 6 15
17 5 12 0
3 9 7 4
18 18 16 11
16 9 3 18
10 12 9 17
13 13 4 0
5 7 18 9
9 7 0 1
0 17 16 13
7 12 12 5
17 18 7 3
6 2 10 5
10 14 2 4
11 15 9 1
1 17 4 10
6 17 18 16
2 5 12 4
9 18 13 9
8 0 14 6
5 8 7 1
4 3 10 6
0 10 5 5
5 2 10 1
16 5 17 14
3 14 13 7
15 10 5 13
15 12 18 7
