18 24 6606
00000000000000000
00000000000000000
00000000000000000
00000000000000000
00000000000000100
00000000000000100
00000000000000100
00000000000000100
00000000000000100
00000000000000100
00000000000000100
00000000000000100
00000000000000100
00000000000000100
00000000000000100
00000000000000100
00000000000000100
00000000000000100
000000000000000000
000000000000000000
000000000000000000
000000000000000000
000000000000000000
111111100000000000
000000000000000000
000000000000000000
000000000000000000
000000000000000000
000000000000000000
000000000000000000
000000000000000000
000000000000000000
000000000000000000
000000000000000000
000000000000000000
8 15 13 3
10 17 2 4
3 11 11 13
1 9 15 2
8 13 0 7
12 2 11 16
14 3 10 0
17 8 13 14
7 1 10 6
8 9 5 8
14 16 6 11
14 9 14 1
10 2 0 17
1 12 15 3
6 3 2 7
10 5 15 12
3 0 16 10
11 11 14 14
17 16 5 1
15 9 2 1
2 15 3 5
15 16 17 1
2 10 12 1
14 2 4 11
