19 20 5627
000000000010010000
000000000010010000
000000000010000000
000000000010000000
000000000010000000
000000000010000000
000000000010000000
000000000010000000
000000000010000000
000000000110000000
000000000100000000
000000000100000000
101000000000000000
101000000000000000
101000000000000000
000000000000000000
000000000000000000
000000100000000000
000000110000000000
0000000000000000000
0000000000000000000
0000000000000000000
0000000000000000011
0000000011100000000
0000000000000000000
0000000000000000000
0000111111100000000
0000000000000000000
0000000000000000000
0000000000000000000
1111111111111111000
0000000000000000000
0000000000000000000
0000000000000000000
0001111111111111111
0000000000000000000
1100000000000000000
9 17 15 6
15 4 1 9
10 1 4 0
13 6 10 3
2 18 6 15
18 15 2 9
15 15 10 15
8 16 11 13
6 7 2 10
5 14 3 18
10 13 8 4
12 5 7 1
15 10 14 10
11 18 5 17
15 18 18 1
4 12 13 12
0 14 14 3
4 8 7 0
15 8 9 16
18 14 7 17
