14 22 3105
0000000000000
0000000000000
0000000000000
0000000000000
0000000000000
0000000000000
0000000000000
0000000000000
0000000000000
0000000000000
0000000000000
0000000000000
0000000000000
0000000000000
00000000000000
00000000000000
00000000000000
00000000000000
00000000000000
00000000000000
00000000000000
00000000000000
00000000000000
00000000000000
00000000000000
00000000000000
00000000000000
2 1 3 2
11 13 8 2
8 11 2 6
3 11 5 0
8 4 8 10
3 4 10 13
5 1 5 2
4 5 13 9
4 2 13 3
13 0 12 4
7 10 0 11
13 4 5 10
13 11 13 5
8 0 8 13
10 6 10 9
12 13 10 8
0 6 2 11
9 7 4 1
1 6 7 6
4 4 1 13
11 2 3 13
4 12 11 7
