15 20 6846
00000000000000
00000000000000
00000000000000
00000000000000
00000000000000
00000000000000
00000000000000
00000000000000
00000000000000
00000000000000
00000000000000
00000000000000
00000000000000
00000000000000
00000000000000
000000000000000
000000000000000
000000000000000
000000000000000
000000000000000
000000000000000
000000000000000
000000000000000
000000000000000
000000000000000
000001111111111
000000000000000
000000000000000
000000000000000
6 11 14 0
12 2 12 5
3 13 11 13
10 3 1 13
5 13 14 1
3 9 1 10
12 14 13 1
4 2 2 0
13 4 1 9
3 8 8 0
10 11 0 10
7 8 3 10
4 13 7 11
0 6 13 12
0 13 14 7
12 8 2 8
10 2 2 13
14 13 10 0
14 8 6 2
1 7 0 14
