17 17 2683
0000000000000000
0000000000000000
0000000000000000
0000000000000000
0000000000000000
0000000000000000
0000000000000000
0000000000000000
0000000000000000
0000000000000000
0000000000000000
0000000000000000
0000000000000000
0000000000000000
0000000000000000
0000000000000000
0000000000000000
00000000000000000
00000000000000000
00000000000000000
00000000111111111
00000000000000000
00000000000000000
00000000000000000
00000000000000000
00000000000000000
00000000000000000
11111000000000000
00000000000000000
00000000000000000
00000000000000000
00000000000000000
00000000000000011
2 2 8 9
4 7 4 8
13 14 11 1
16 2 4 9
3 9 11 9
7 13 9 5
1 8 8 1
8 3 2 6
10 1 13 3
6 8 8 4
8 14 7 12
0 5 6 16
12 9 5 0
2 11 2 4
8 5 1 1
16 5 15 14
7 15 16 13
