20 10 857
0000000000000000000
0000000000000000000
0000000000000000000
0000000000000000000
0000000000000000000
0000000000000000000
0000000000000000000
0000000000000000000
0000000000000000000
0000000000000100000
0000000000000100000
0000000000000100000
0000000000000100001
0000000000000100001
0000000000000100001
0000000000000100001
0000000000000100001
0000000000000100001
0000000000000100001
0000000000000000001
00000000000000000000
00000000000000000000
00000000000000000000
00000000000000000000
00000000000000000000
00000000000000000000
00000000000000000000
00000000000000000000
11111111111111100000
00000000000000000000
00000000000000000000
00000000000000000000
00000000000000000000
00000000000000000000
00000000000000000000
00000000000000000000
00000000000000000000
00000000000000000000
00000000000000000000
11 19 19 0
3 11 7 16
0 2 6 2
19 15 1 10
3 12 12 17
16 8 1 9
16 10 16 11
10 2 3 13
8 7 3 8
15 17 6 19
