18 28 17407
00000000000001100
00000000000011100
00000000010011100
00000000000011100
01000000000011000
00000000000011000
10000000000011000
00000000000011000
00000000000011000
00000000000011000
00000000000010000
00000000000010000
00000000000010000
00000000000010000
00000000000110000
00000000000110000
01000000000111000
01000000000110000
000000000000000000
111111111111000000
000000000000000000
000000000000000000
111100000000000000
111111111110000000
000000000000000000
000011111111100000
000000000000000000
000000000000000000
000000000000000000
000000000000000000
111111111111000000
000000000000000000
000000000000000000
000000000000001111
000000000000000000
15 14 10 17
4 8 12 2
1 14 2 13
3 0 1 9
4 16 14 17
17 8 5 8
5 1 9 13
8 15 1 11
11 13 14 2
16 11 5 17
6 4 4 14
2 14 6 8
14 15 9 1
7 15 9 9
9 15 0 0
4 4 8 4
14 8 15 16
17 6 15 10
11 12 16 8
13 14 7 17
9 3 8 17
0 17 3 14
14 16 3 9
11 11 13 4
4 10 3 4
10 11 11 3
1 4 14 9
16 9 13 16
