19 13 1824
110001000000000000
100001000000000000
100001000000000000
100001000001000000
000001000001000000
000001000001000000
000001000001000000
000001000001000000
000001000001000000
000001000001000000
000001000001000000
000001000001000000
000000000001000000
000000000001000000
000100000001000000
000100000000000000
000100000000000001
000100000000000001
000100000000000001
0000000000000000000
0000000000000000000
0000000000000000000
0000000000000000000
0000000000000000000
0000000000000000000
0000000000000000000
0000000000000000000
0000000000000000000
0000000000000000000
0000000000000000000
0000000000000000000
0000000000000000000
0000000000000000000
0000111111111111000
0000000000000000000
0000000000000000000
0000000000000000000
8 11 15 12
17 9 14 4
6 4 18 13
1 5 10 10
18 0 5 15
8 16 14 17
5 7 13 12
10 16 3 16
3 0 17 11
6 2 2 11
7 3 9 18
7 16 7 11
3 6 10 2
