17 24 2974
0000010000000000
0000010000000000
0000010000000000
0000000000000000
0000000000000000
0000000000000000
0000000000000000
0000000000000000
0000000000000000
0000000000000000
0000000000000000
0000000000000001
0000000000000001
0000000000000001
0000000000000001
0000000000000001
0000000000000001
00000000000000000
00000000000000011
11111000000000000
00000000000000000
00000000000000000
11111110000000000
00000111111111111
00000000000000000
11111111111111101
00000000000000000
00000000000000000
00000000000000000
00000000000000000
00000000000000000
11111111111111100
00000000000000000
8 2 9 2
6 1 3 6
14 10 8 5
5 10 13 2
11 2 2 8
1 14 13 0
1 7 10 5
7 11 16 0
11 3 4 10
11 7 16 3
3 15 4 13
14 13 1 0
14 16 13 15
14 7 1 9
1 3 3 13
8 9 13 11
6 14 7 6
2 12 1 8
3 8 1 1
15 3 2 13
5 9 2 4
11 9 5 16
14 4 4 0
16 13 6 9
