13 25 8165
000000000000
000000000000
000000000000
000000100000
000000100000
000000100000
000000100010
000000100010
000000100010
000000100010
000000000010
000000000010
000000000010
0000000000000
0000000000000
0000000000000
0000000000000
1111000000000
0000000000000
0000000000000
0000000000000
0000000000000
0000000111100
0000000000000
0000000000000
10 5 4 6
8 7 2 8
6 3 4 8
11 10 3 7
9 6 3 6
4 0 5 12
7 2 4 7
5 3 4 10
4 2 7 9
0 8 7 5
8 10 9 7
9 1 12 9
4 12 8 12
7 12 2 5
5 4 0 2
5 11 9 0
11 0 0 11
10 1 9 11
6 2 12 2
11 6 3 5
8 4 5 7
5 1 4 3
1 11 7 10
1 2 10 11
5 5 1 3
