18 36 4824
00000000000000000
00000000000000000
00000000000000000
00000000000000000
00000000000000000
00000000000000001
00110000000000001
00000000000000000
00000000000000000
00000000000000000
00000000000000010
00000000000000000
00000000000000000
00000000000000000
00000000010000000
00000010000000000
00000010000000000
00001010000000000
000000000000000000
000000000000000000
000000000000000000
000000000000000011
000000000011111111
111111111111111100
000000000000000000
000000000000111111
111111111000000000
000000000000000000
000000000000011111
111111111111000000
000000000000000000
001111111111111111
000000000000000000
000000000000000000
000000000000000000
1 6 15 7
11 0 7 5
15 4 15 6
9 14 6 0
2 1 10 5
11 12 3 4
8 9 16 6
6 12 4 4
14 1 3 11
12 16 7 3
1 8 2 16
15 2 2 7
4 5 5 5
7 15 4 17
11 9 16 17
0 7 13 8
11 11 8 7
10 1 6 14
13 1 13 0
15 1 5 6
12 0 4 6
16 2 11 14
2 12 4 2
9 8 6 13
16 7 12 14
8 11 9 6
14 10 7 10
9 3 14 7
10 7 16 8
6 4 12 3
12 4 7 12
16 0 10 16
7 13 14 12
13 12 5 11
3 7 4 10
9 11 16 12
