15 24 7114
00000000000000
00000000100000
00000000100000
00001000100000
00001000100000
00001000100000
00001000100000
00001000100000
00001000100000
00001000100000
00001000100000
00001000100000
00001000100000
00001000100000
00001000100000
000000000000000
000000000111000
000000000000000
000000000000000
000000000000000
000000000000000
000000000000000
000000000000000
000000000000000
001110000000000
000000000000000
011110000000000
000000000000000
000000000000000
12 9 2 12
8 4 13 14
12 14 14 2
5 5 11 8
11 6 1 0
13 10 0 8
6 0 10 1
6 12 4 12
1 6 11 1
4 11 5 1
12 8 5 14
14 13 6 6
4 4 13 13
2 10 9 14
5 7 11 14
3 7 2 0
0 14 0 6
8 11 13 11
9 4 3 8
6 14 12 12
12 3 7 14
9 3 11 0
10 4 2 9
8 8 3 10
