20 26 2723
0000100000000000000
0000100100001000100
0000100100001000100
0000100100001000100
0000100000001000100
0000100000001000100
0000100000000000100
0000100000000000100
0000100000000000000
0000100000000000000
1000100000000000000
1000100000000000000
1000100000000000000
1000000000000000000
1000000000000000000
1000000010000000000
1000000000000000000
1000000000000000000
1000000000000000000
1000000000000000000
00000111111111111100
00001000000000000000
00000000000000000000
00000000000000000000
00000000000000000000
00000000000000000000
00000000000000000000
00000000000000000000
00000000000000000000
00000000000000000000
00000000000000000000
00000000000000000000
00000000111111111111
00000000000000000000
00000000000000000000
00000000011111111111
00000000000000000000
00000000000000000000
00000000000000000000
11 3 12 0
7 18 16 17
17 5 2 2
8 11 5 13
1 17 15 14
5 16 3 19
0 10 17 3
11 16 17 10
16 14 15 7
11 9 5 6
16 18 13 1
14 19 13 5
9 18 8 13
18 3 0 3
18 13 2 17
8 0 9 1
15 11 14 11
7 15 5 14
19 5 17 9
17 14 11 19
9 16 18 15
0 4 3 9
8 10 4 17
14 8 14 4
1 13 9 4
5 7 4 5
