13 20 4895
000000000000
000000000000
000000000000
000000000000
000000000000
000000000000
000000000000
000000000000
000000000000
000001000000
000001000000
000001000000
000001000000
0000000000000
1111111000000
0000000000000
0000000000000
0000000000000
0000000000000
0000000000000
0000000000000
0000000000000
0000000000000
0000000000000
0000000000000
6 9 11 9
1 9 12 6
8 1 11 5
6 7 5 2
9 7 6 5
0 6 4 8
7 11 2 10
5 1 12 12
11 11 11 10
11 12 7 1
2 0 3 8
1 4 3 11
1 11 6 11
1 1 2 12
5 10 5 8
5 9 1 10
1 6 4 7
6 12 10 3
7 3 6 1
0 1 10 0
