16 8 396
000000000100100
000000000100100
000000000100100
000000000100100
000000000000100
000000000000100
000000000000100
000000000000100
000000000000100
000000000000000
000000000000000
000000000000000
000000000000000
000000100000000
000000100000000
000000100000000
0000000000000000
0000000000000000
0000000000000000
0000000000000000
0000000000000000
0000000000000000
0000000000000000
0000000000000000
0000000000000000
1000000000000000
0000000000000000
0000000000000000
0000000000000000
0000000000000000
0000000000000000
14 13 6 3
12 7 8 6
13 13 6 11
10 13 0 11
10 6 10 8
7 1 5 0
12 8 12 13
6 10 8 9
