13 18 1334
000000001000
000000001000
000000001000
000000001000
000000001000
000000001000
000000001000
000000000000
000000000000
000000000000
000000000000
000000000000
000000000000
0000000000000
0000000000000
0000000000000
0000000000000
0000000000000
0000000000000
0000000000000
0000000000011
0000000000000
0000000000000
0000000000000
0000000000000
2 7 4 7
0 10 12 12
9 5 6 3
9 4 5 0
1 9 3 11
3 2 3 3
8 7 10 2
0 6 1 10
3 7 5 6
12 2 9 6
0 0 12 6
2 11 3 0
5 1 6 0
8 6 11 10
8 8 10 9
4 0 10 7
5 8 9 0
4 5 10 12
