16 12 4851
000001000000001
000001000000001
000001000000001
000001000000001
000001000000000
000001000000000
000001000000000
010001000000100
010001000000100
010001000000100
010001000000100
010001001000000
000001001000000
000001001000000
000001001000000
000000000010000
0000000000000000
0000000000000000
0000000000111110
0000000000000000
0000000000000000
0000000000000000
0011000000000000
0000000000000000
0000000000000000
0000000000000000
0000001111111100
1111100000000000
0000000000000000
0000000000000000
0000000000000000
8 3 4 10
6 10 15 11
2 13 11 0
13 9 3 2
2 15 15 4
2 11 15 10
13 0 9 14
2 10 1 13
10 3 1 3
9 3 9 2
6 7 5 0
0 15 7 4
