19 17 1880
000100000101000000
000100000101000001
000100000101000001
000100000101000001
000100000100000001
000100000100000001
000100000100000001
100100000100000001
100100000100000001
100100000100000001
100100000100000001
100100000000000001
100100000000000001
100100000000000001
100100000000000011
100000000000000011
100000000000000011
100000000000000011
100000000000000011
0000000000000000000
0000000000000000000
0000000000000000000
0000000000000000000
0000000000000000000
0000000000000000000
0000000000000000000
0000000000000000000
0000000000000000000
0000000000000000000
0000000000000000000
0000000000000000000
0000000000000000000
0000000000000000000
0000000000000000000
0000000000000000000
0000000000000000000
0000000000000000000
12 17 12 9
10 1 16 11
15 18 18 4
3 9 2 5
4 17 11 18
17 0 14 4
12 6 18 6
4 10 0 9
10 10 3 0
6 3 9 7
13 6 8 7
11 5 3 18
6 5 10 12
7 4 17 11
2 8 5 17
12 12 5 12
0 6 12 3
