15 20 1251
00000000000000
00000000000000
00000000000000
00000000000000
00000000000000
00000000000000
00000000000000
00000000000000
00000000000000
00000000000000
00000000000000
00000000000000
00000000000000
00000000000000
00000000000000
000000000000000
000000000000000
110000000000000
000000000000000
000000000000000
000000000000000
000000000000000
000000000000000
000000000000000
111111000000000
000000000000000
000000000000000
000011111111111
000000000000000
8 0 5 12
4 7 14 9
8 2 6 14
8 1 8 3
6 8 6 11
2 12 5 9
13 4 6 2
9 2 14 10
2 7 0 12
13 0 4 3
0 13 12 3
12 6 5 14
10 9 7 8
11 5 3 4
12 0 6 0
5 4 14 3
7 5 10 10
12 8 5 11
11 0 11 9
0 2 13 14
