15 21 1648
00100000000000
00100000000000
00100000000000
00100000000000
00100000000010
00100000000010
00100000000010
00000000000010
00000000000000
00000000000000
00000000000000
00001000000000
00001000000000
00000000000000
00000000000000
000111111111000
100000000000000
000000000000000
000001111111111
000000000000000
000000000000000
000000000000000
000000000000000
000000000000000
000000000000000
111111111110000
000000000000000
000000000000000
111111110000000
7 6 10 11
6 0 13 10
8 14 12 5
12 10 3 8
13 9 8 6
8 2 3 9
13 3 2 9
11 9 1 12
2 2 14 8
0 6 14 6
12 9 3 2
0 3 12 13
3 4 6 6
9 0 1 11
7 9 3 7
4 3 3 0
1 3 4 8
1 13 2 4
9 3 8 4
10 1 10 13
4 13 1 14
