18 16 2354
00000010001000000
00000010001000000
00000010001000000
00000010001000000
00000010001000000
00000010000000000
00000010000000000
00000000000000000
00000000000000000
00000000000000000
00000000000000000
00000000000000000
00000000000000000
00000000000000000
00000000000000000
00000000000000000
00000000000000000
00000000000000000
000000000000000000
000000000000000000
000000000000000000
000000000000000000
000000000000000000
000000000000000000
000000000000000000
000000000000000000
000000000000000000
111111111111000000
000000000000000000
000000000000000000
011111111111111111
000000000000000000
000000000000000000
000000000000000000
000000000000000000
6 7 2 0
8 16 3 1
3 14 2 14
14 7 1 2
17 7 16 13
9 5 0 7
7 13 12 12
9 11 13 15
7 15 4 12
13 10 5 6
4 8 1 12
5 10 14 9
2 7 8 7
6 11 15 12
8 2 10 1
10 10 12 16
