17 27 10984
0100000000000000
0100000000000000
0100000000000000
0100000000000000
0100000000000000
0100000000000000
0101000000000000
0101000000000000
0101000000000000
0101000000000000
0001000000000000
0000000000000000
0000000000000000
0000000000000000
0000000000000000
0000000000000000
0000000000000000
00000000000000000
00000000001111111
00000000000000000
00000000000000000
00000000000000000
00000000000000000
00000000000000000
00000000000000000
00000000000000000
00001111110000000
11111111110000000
00000000000000000
00000000000000000
00001111111111111
00000000000000000
00000000000000000
14 9 10 11
2 0 7 6
10 2 5 9
3 16 7 5
16 1 12 6
13 3 12 16
13 2 4 9
4 4 1 14
3 2 13 6
13 9 4 3
15 2 5 1
3 5 13 5
9 1 16 3
0 14 11 7
3 8 15 14
15 16 8 13
14 4 3 9
7 9 0 13
10 5 15 9
7 0 14 16
12 10 12 5
5 3 16 16
3 0 5 10
1 9 10 7
3 12 16 0
4 14 16 14
6 12 4 13
