19 12 6229
000000000000000000
000000000000000000
000000000000100000
000000000000100000
000000000000100000
000000000000110000
000000000000110001
000000000000110001
000000000000010001
000000000000010001
000000000000010001
000000000000010001
000000000000000000
000000000000000000
000000000000000000
000000000000000000
000000000000000000
000000000000000000
000000000000000000
0000000111111111111
1111111111111111100
0000000000000000000
0000000000000000000
0000000000000000000
0000000000000000000
0000000000000000000
0000000000000000000
1111111111100000000
0000000000000000000
0000000000000000000
0000000000001111111
0000000000011111111
0000000000000000011
0000000000000000000
0000000000000000000
0000000000001111111
0000000000000000000
13 8 15 10
17 15 10 0
3 9 13 12
12 15 14 10
1 2 0 18
1 13 6 9
18 1 16 3
8 15 4 10
4 0 0 13
10 18 9 8
9 10 17 8
15 2 2 18
