17 13 1341
0000000000000000
0000000000000000
0000000000000000
0000000000000000
0000000000000000
0000000000000000
0000000000000000
0000000000000000
0000000000000000
0000000000000000
0000000000000000
0000000000000000
0000000000000000
0000000000000000
0000000000000000
0000000000000000
0000000000000000
00000000000000000
00000000000000000
11111111111111110
00000000000000000
00000000000000000
00000000000000000
00000000000000000
00000000000000000
00000000000000000
00000000000000000
00000000000000000
00000000000000000
00000000000000001
11000000000000000
00000000000000000
00000000000000000
10 3 2 16
8 8 16 1
15 9 8 5
16 11 13 10
7 6 1 15
13 5 5 8
5 6 3 13
6 7 7 9
6 0 10 9
7 14 9 7
13 15 0 12
11 12 13 0
2 13 14 16
