14 21 1951
0000000000000
0000000000000
0000000000000
0000000000000
0000000000000
0000000000000
0000000000000
0000000000000
0000000000100
0000000000100
0000000000100
0000000000100
0000000000100
0000000000100
00000000000000
00000000001111
00000000000000
00000000000000
00000000000000
11111111111100
00000000000000
00000011111000
00000000000101
00000000000000
00011111111000
00000000000000
00000000000000
10 3 8 13
5 5 11 0
7 12 12 3
8 8 1 3
2 7 12 7
13 9 5 7
0 13 10 5
5 8 4 3
1 5 3 3
8 12 6 5
8 2 6 9
9 6 0 9
5 3 10 0
12 9 9 7
6 1 9 10
6 11 8 4
7 8 1 10
1 11 2 3
4 9 11 10
11 1 1 2
5 4 1 7
