20 16 1497
0001000000010000001
0000000000010000001
0000000000010000001
0000000000010000001
0000000000010000001
0000000000010000001
0000000000010000001
0000000000010000001
0000000000000000001
0000000000000000001
0000000000000000001
0000000000000000001
0000000000000000001
0000000000000000001
0000000000000000001
0000000000000000000
0000000000000000000
0000000000000000000
0000000000000000000
0000000000000000000
00000000000000111110
00000000000000000000
00000000000000000000
00000000000000000000
00000000000000000000
00000000000000000000
00000000000000000000
00000000000000000000
00000000000000000000
00000000000000000000
00000000000000000000
00000000000000000000
00000000000000000000
00000000000000000000
00000000000000000000
00000000000000000000
00000000000000000000
00000000000000000000
00000000000000000000
4 17 16 17
17 5 5 7
16 0 13 6
8 13 14 5
11 13 8 1
0 4 9 6
9 18 8 19
11 9 4 15
11 0 0 6
14 12 18 9
2 6 13 1
19 10 7 17
13 10 9 16
17 10 18 2
0 3 13 12
4 13 7 6
