19 17 1254
000010000000000000
000010000000000000
000010000000000000
000010000000000000
000010000000000000
000010000000000000
000010000000000000
000010000000000000
000010000000000000
000010000000000000
000010000000000000
000010000000000000
000010000000000000
000000000000000000
000000000000000000
000000000000000000
000000000000000000
000000000000000000
000000000000000000
0000000000000111111
0000000000000000000
0000000000000000000
0000000000000000000
0000000000000000000
0000000000000000000
0000000000000000000
0000000000000000000
0000000000000000000
0000000000000000000
0000000000000000000
0000000000000000000
0000000000000000000
0000000000000000000
0000000000000000000
0000000000000000000
0000000000000000000
0000000000000000000
5 0 2 5
0 12 7 16
6 16 2 7
13 13 10 6
5 17 9 12
1 8 14 15
12 8 13 2
18 7 6 12
10 9 15 11
17 10 5 6
17 15 1 12
16 5 13 16
17 17 14 4
13 15 10 7
2 3 4 4
10 11 14 17
13 12 18 15
