17 34 14902
1000000000000010
0000000000000000
0000000000000000
0000000000000000
0000000000000000
0000000000000000
0000000000000000
0000000000000000
0000000000000000
0000000000000000
0000000000000000
0000000000000000
0000000000000000
0000000000000000
0000000000000000
0000000000000000
0000000000000000
00000000000000000
00000000000000000
00000000000000000
00000000000000000
00000000000000000
00000000000000000
00000000000000000
00000000000001111
00000000000000000
00000000000000000
00000000000000000
00000000000000000
00000000000000000
00000000000000000
00000000000000000
00000000000000000
4 5 5 0
12 13 3 7
6 15 1 5
11 15 11 10
10 9 0 9
13 3 1 8
13 6 2 3
9 10 3 8
7 16 10 7
16 7 6 14
3 14 13 2
16 5 16 9
8 3 14 8
5 15 3 16
11 2 11 5
1 11 10 3
12 6 11 0
6 16 6 12
0 4 11 1
3 2 15 0
8 0 2 10
4 10 11 8
0 10 15 6
7 13 11 13
13 14 9 7
13 10 14 3
5 7 10 0
9 14 13 4
8 7 16 16
7 7 15 10
8 5 5 10
9 1 2 13
0 1 3 13
1 3 8 12
