20 23 11180
0000000000000000000
0000000000000000000
0000000000000000000
0000000010000000000
0000000010000000000
0000000010000000000
0000000010000000000
0000000010000000000
0000000010000000000
0000000000000000000
0000000000000000000
0000000100000000000
0000000100000000000
0000000100000000000
0010000100000000000
0010000100000100000
0010000100000000000
0010000000000000000
0010000000000000000
0010000000000000000
00000000000000001111
11111111111111110000
11111111111110000000
11111111000000000000
00000000000000001111
00000000000000000000
00000000000111111111
00000000000000000000
00000000000000000000
00000000000001111111
00000000000000000000
00000000000000000000
00000000000000001111
00000000000000000000
00000000000000000000
00000111111111111111
00000000000000000000
00000000000000000000
10000000000000000000
11 12 13 0
16 3 11 8
0 17 16 19
13 15 2 6
6 6 1 12
18 4 10 6
19 9 14 18
12 7 2 9
17 19 6 16
18 9 11 16
19 17 2 10
16 0 12 12
5 13 2 12
19 18 19 6
11 15 17 6
17 10 14 2
3 10 8 11
11 6 4 18
14 0 12 8
0 12 8 17
0 2 3 0
13 12 8 2
3 15 8 0
