16 26 5884
000000100011000
000000100001000
000000100001000
000000100001000
000000100001000
010000100001010
000000000001010
000000000011010
000000000011010
000000000010011
000000100000001
000000100000000
000000100001000
000000100001000
000000100001000
000000000001000
0000000000000000
0000000000000000
0000000000000000
0000000111000000
1111110000010000
0000000000000000
0000000000000000
0000000000000000
0000000000000000
1111111111111100
0000000000111111
0000000000000000
0000000000000000
0000000000000000
0000000000000000
11 1 8 9
9 9 11 0
4 0 15 2
11 5 8 5
12 6 1 15
15 8 0 5
10 9 6 8
6 9 3 0
4 1 2 0
11 2 4 5
2 7 6 11
6 6 14 5
0 15 13 7
3 15 2 12
3 8 1 0
6 1 11 3
14 0 7 3
7 5 11 12
9 10 12 7
6 2 10 10
8 13 12 4
13 8 8 11
7 11 1 1
1 6 4 9
8 14 0 6
11 15 15 12
