18 28 4300
11000000000011000
11000000000011000
11000000000011000
01000000000011000
01000000000011000
01000000000011000
01000000000011001
01000000000011001
01000000000011001
01000000010011001
01000000010011001
01000000010011001
01000000010001001
01000000010001001
01000000010001001
01000000010000001
01000000010000001
00000000010000000
000000000000000000
000000000000000000
000000000000000000
000000000000000011
000000000000000000
000000000000000111
000000000000000000
000000000000000000
000000000000000000
000000000000000000
000000000000000000
100000000000100000
000000000000000000
000000000000000000
000000111100000000
000000000000000000
000000000000000000
5 0 9 1
0 16 1 8
13 9 8 7
11 14 3 15
9 17 1 4
1 3 2 8
9 5 11 8
3 17 3 14
17 0 6 17
16 10 5 9
2 3 12 13
11 1 8 0
3 3 2 14
6 8 3 8
16 2 15 10
12 6 0 15
8 5 13 12
0 17 16 9
11 17 10 8
0 6 3 11
3 4 17 16
4 2 7 15
16 0 1 11
0 11 17 15
14 13 16 8
10 13 14 7
7 7 6 13
5 10 3 5
