19 17 1243
000100000001000000
000000000001000000
000000000001000000
010000000001000000
010000000000000000
010000000000000000
010000000000000000
010000000000000000
010000000000000000
010000000000000000
000000000000000000
000000000000000000
001000000000000000
001000000000000000
001000000000000000
001000000000000000
001000000000000000
001000000000000100
001000000000000100
0000000000000000000
0000000000000000000
1111100000000000000
0000000000000000000
0000000000000000000
0000000000000000000
0000000000000000000
0000000000000000000
0000000000000000000
0000000000000000000
0000000000000000000
0000000000000000000
0000000000000000000
0000000000001111111
0000111111111111111
0000000000000000000
0000000000000000000
0001111100000000000
8 2 9 15
17 4 3 15
0 11 2 8
9 5 17 1
10 5 9 17
0 13 4 13
5 12 12 5
7 10 15 16
14 14 2 3
15 7 15 18
16 13 6 6
1 0 16 12
6 4 16 18
14 17 5 3
14 0 16 1
18 6 10 13
16 16 8 8
