15 10 694
00000001000100
00000001000100
00000000000100
00000000000100
00000000000000
00000000000000
00000000000000
00000000000000
00000000000000
00000000000000
00000000000000
00000000000000
00000000000000
00000000000000
00000000000000
000000000000000
000000000000000
000000000000000
111111111000000
000000000000000
000000000000000
000000000000000
000000000000000
000000000000000
111111110000000
000000000000000
000000000000000
110000000000000
000000000000000
7 9 13 0
12 8 7 5
11 7 2 9
10 7 13 9
12 5 4 2
2 0 1 12
1 8 8 11
4 8 1 4
3 12 12 1
6 14 5 11
