20 23 2746
0000000000000000000
0000000000000000000
0000000000000000000
0000000000000000000
0000000000000000000
0000000000000000000
0000000000000000000
0000000000000000000
0000000000000000000
0000000000000000000
0000000000000000000
0000000000000000000
0000000000000000000
0000000000000000000
0000000000000000000
0000000000000000000
0000000000000000000
0000000000000000000
0000000000000000000
0000000000000000000
00000000000000000000
00000000000000000000
00000000000000000000
00000000000000000000
01111111111111111111
10001111111111111111
00000000000000000000
00000000000000000000
00000000000000000000
00000000000000000000
00000000000000000000
00000000000000000000
00000000001111111111
00000000000000000000
11111111111111111110
00000000000000000000
11111111110000000000
00000000000000000000
11111111111110000000
16 8 16 10
12 7 7 12
10 12 7 18
14 18 4 6
13 13 6 0
19 15 9 3
5 6 17 14
8 7 10 18
16 14 6 8
1 1 11 18
18 9 8 16
7 6 11 5
5 0 17 3
10 15 14 11
6 1 12 0
3 14 19 1
8 10 7 10
5 10 12 1
4 17 9 6
14 13 13 12
8 6 11 6
7 2 9 0
17 1 14 19
