17 14 3318
0010100000000000
0010100000000000
0010100000000000
0000100000000000
0000100000000000
0000100000000000
0000100000000000
0000100000000000
0000100000000000
0000000000000000
0000000010000000
0000000010000000
0000000010000000
0000000010000000
0000000010000000
0000000010000000
0000000010000000
00000000000000000
00000000000000000
00000000000000000
00000011111111111
00000000000000000
00000000000000000
00000000000000000
00000000000000000
00000000000000000
00000000000000000
00000000000000000
00000000000000000
00000000000000000
00000000000000000
00000000000000000
11111111000000000
14 15 12 5
13 15 5 4
10 13 6 2
6 15 2 14
14 16 3 10
14 1 0 8
0 16 6 3
2 1 9 7
14 14 4 5
3 8 1 5
4 10 15 1
3 7 15 12
13 9 8 10
10 5 14 5
