15 23 6381
00000010000000
00000010000000
00000010000000
00000000000000
00000000000000
00000000000000
00100000000100
00100000000100
00100000000100
00100000000100
00100000000100
00000000000100
00000000000000
00000000000000
00000000000000
000000000000000
000000000000111
000000000000000
111000000000000
000000000000000
111111111111000
000000000000000
000000000000000
000000000000000
000000000000000
100000000000000
000000000000000
000001111111111
000000000000000
4 2 7 1
1 13 6 10
0 9 0 14
3 9 5 4
8 11 10 7
13 13 7 5
13 9 13 1
2 7 5 11
10 9 11 8
0 13 13 11
7 11 4 6
6 6 4 14
2 1 10 6
11 6 12 4
7 12 7 8
6 0 14 3
10 12 8 4
3 13 12 14
0 2 9 6
10 4 11 3
12 2 4 5
13 5 7 3
11 2 9 11
