19 12 2189
000000000001000100
000000000001000100
000000000000000100
000000000000000100
000000000000000100
000000000000000100
000000000000000100
000000000000000100
000000000000000100
000000000000000100
000000010000000100
000000010000000100
000000010000000100
000000010000000100
000000010000000100
000000010000000000
000000000000000100
000000000000000100
000000000000000000
0000000000000000000
0000000000000000000
0000000000000000000
0000000000000000000
0000000000000000000
0000000000000000000
0000000000000000000
0000000000000000000
0000000000000000000
0000000000000000000
0000000000000000000
0000000000000000000
1111000000000000000
0000000000000000000
0000000000000000000
0000000011111111111
0000000000000000000
0000000000000000000
2 8 0 12
9 6 12 14
0 13 17 17
12 17 11 4
4 2 11 6
5 7 15 17
4 7 13 9
13 12 13 7
2 18 3 3
16 9 2 6
13 10 18 11
4 12 0 10
