15 13 3119
00000010000000
00000010000000
00000010000000
00000000000000
00000000000001
00000000000001
10000000000101
00000000000101
00000000000101
00000000000101
00000000000101
00000000000101
00000000000000
00000000000000
00000000000000
000000000000000
000000011111000
000000100000000
000000000000000
000000000000000
110000000000000
000000000000000
000000000000000
000000000000000
000000000000000
111110000000000
001111111111111
000000000000000
111111111000000
9 7 8 6
12 12 6 10
11 3 9 0
14 0 8 12
5 8 2 12
3 3 3 7
10 6 1 8
10 9 3 14
9 2 6 0
13 1 6 5
7 4 11 14
13 14 9 9
11 0 9 13
