15 18 3152
00000100000100
00000100000100
00000101000100
00001101000100
00001101000000
00001101000000
00001101000000
00001101000000
00001101000000
00001001000000
00001001001000
00000000000000
00000000000000
00000000000000
00000000000000
000000000000000
100000000000000
000000000000000
000000000000000
000000000000000
000000000000111
111100000000000
000000000000000
000000000000000
000000000000000
000011111111111
000000000000000
111111110000000
000000000000000
7 1 9 9
1 4 11 4
7 9 0 10
12 11 0 9
4 6 10 3
4 14 8 2
11 7 3 0
12 3 1 1
9 7 5 8
0 11 5 11
9 2 1 3
7 10 1 13
2 7 10 13
12 13 0 4
5 6 2 0
1 10 8 9
9 13 5 1
4 12 12 9
