15 15 948
00000000000000
00000000000000
00000000000000
01000000000000
01000000000000
01000000000000
01000000000000
01000000000000
01000000000000
01000000000000
01000000000000
01000000000000
01000000000000
01000000000000
01000100000000
000000000000000
000000000000000
000000000000000
000000000000000
000000000000000
000000000000000
000000000000000
000000000000000
000000000000000
000000000000000
000000000000000
000000000000000
000000000000000
000000000000000
3 6 5 3
11 0 8 6
8 14 14 4
13 13 13 8
11 8 1 13
14 3 8 12
3 9 6 8
14 2 11 11
2 7 13 2
10 9 12 10
6 12 4 3
8 9 10 10
4 8 12 13
9 1 2 0
11 1 4 11
