17 10 5661
0000000000000100
0000000000000100
0000000000000000
0000000000000000
0000000000000000
0000000000000000
0000000000000000
0000000000000000
0000000000000000
0000000000000000
0000000000000000
0000000000000000
0000000000000000
0000000000000000
0000000000000000
0000000000000000
0000000000000000
00000000000000000
00000000000000001
00000000000000000
00000000000000000
00000000000000000
00000000000000000
00000000000000000
00011111111111111
00000000000000000
00000000000000000
00000000000000011
00000000000000000
11111111000000000
00000000111111111
00000000000000000
00000000000000000
0 2 12 5
0 3 4 11
14 6 6 10
5 9 15 11
3 11 4 0
1 6 10 6
10 14 5 10
3 12 11 15
10 7 13 9
11 3 7 12
