14 12 1195
0000000000000
0000000000000
0000000000000
0000000000000
0000000000000
0000000000000
0000000000000
0000000000001
0000000000001
0000000000001
0000000000001
0000000000001
0000000000001
0000000000001
00000000001111
00000000000000
00000000000000
00000000000000
00000000000000
00000001111111
00000000000000
00000000000000
11111100000000
00000000000000
00000000000000
00000000000000
00000000000000
8 3 13 8
1 7 6 1
6 2 4 6
10 1 11 3
0 6 6 6
13 4 5 11
9 11 4 12
13 7 0 13
3 5 8 12
11 0 3 13
3 8 9 8
6 8 12 4
