20 16 5095
0000000000000101000
0000000000000101000
0000000000000101000
0000000000000101000
0000000000000101000
0000000000000101000
0000000000000101000
0000000000000101000
0000000000000101000
0000000000000100000
0000000000000100000
0000000000000100000
0000000000000100000
0000000000000100000
0000000000000100000
0000000000000100000
0000000000000100000
0000000000000100000
0000000001000100000
0000000000000000000
00000000000000000000
00000000000000000000
00000000000000000000
00001111111111000000
00000000000000000000
00000011111111000000
00000000000000000000
00000000000000000000
00000000000000000000
00000000000000000000
00000000000000001111
00000000000000000000
00000000000000000000
00000000000000000000
00000000000000000000
00000000000000000000
00000000000000100000
00000000000000000000
11111111111100000001
11 12 18 18
1 5 7 9
0 7 0 5
10 8 4 2
7 10 10 1
15 13 19 16
9 18 2 19
0 0 3 17
4 0 19 1
11 7 2 12
10 10 10 4
5 10 12 10
19 15 7 8
11 16 9 12
12 1 16 0
9 5 15 11
