18 30 8040
00000000000001001
00000000000001001
00000000000001001
00000000000001001
10000000000001001
10000000001001001
10000000001000001
11000000001000001
11000000001000001
10000000001000001
00000000001000000
00000000001000000
00000000001000000
00000000001000000
00000000001000000
00000000001000000
00000000001000000
10000000001000000
000000000000000000
000000000000000000
000000000000000000
111100000000000000
000000000000000000
000000000000000000
011111000000000000
000000000000000000
000000000000000000
000000000000000000
000000000000000000
111000000000000000
000000000000000000
000000000000011111
000000000000000000
111111111100000000
000000000000000000
4 6 8 16
10 9 8 6
1 0 13 15
6 11 7 3
8 3 2 4
16 15 13 12
10 14 6 5
17 1 4 12
16 8 8 15
17 14 16 4
16 6 9 0
9 2 14 1
10 7 8 4
9 11 4 10
7 9 5 16
9 7 2 15
16 3 14 0
3 17 16 0
0 13 2 6
0 14 17 5
11 15 17 0
13 0 8 12
17 4 15 3
1 15 13 16
3 6 5 4
11 9 13 7
1 13 12 8
3 16 13 5
12 5 1 6
4 0 5 14
