15 8 1232
00001000010001
00001000010001
00001000000001
00001000000001
00101000000001
00101000000101
01101000000101
01111000000101
01111000000101
01111000000101
01111000000101
01111000000100
01110000000100
01110000010100
01110000010100
000000000000000
000000000000000
000000000000000
000000000000000
000001100000000
000000011111000
000000000000000
000000000000000
000001111110000
000000111111000
000000000000000
010001111100000
000000000000000
000000000000000
12 4 13 3
5 9 14 5
9 8 7 12
4 9 1 9
11 8 9 6
6 13 6 1
12 12 5 12
7 3 4 13
