20 35 23285
0000000000000000000
0000000000000000000
0000000000000000000
0000000000000000000
0000000000000000000
0000000000010000000
0000000000010000000
0000000000010000000
1000000000010000000
1000000000010000000
1000000000010000000
1000000000010000000
0000000000010000000
0000000000010000000
0000000000010000000
0000000000110000000
0000000000110000000
0000000000110000000
0000000000110000000
0000000000100001000
00000000000000000000
00000000000000000000
00000000000000000000
00000000000000000000
11111111111111111000
00000000000000000000
00000000000000000000
11111111000000000000
00000000000010000000
00000000000000000000
00000000000000000000
00000000000000000000
00000000000000000000
00000000000000000000
00000000000010000000
00000000000000000000
00000000000000000000
00000000000000000000
00000000000000000000
2 19 4 13
17 2 15 10
17 5 15 13
19 12 17 8
16 11 6 10
4 7 7 19
3 6 4 17
9 18 3 9
17 11 5 1
12 4 12 9
7 0 19 17
11 16 1 11
12 11 8 12
4 5 7 7
9 8 16 18
17 9 4 11
12 2 9 13
2 8 5 16
0 5 18 10
9 12 13 18
0 0 18 19
4 2 9 14
8 7 3 3
4 0 6 8
15 16 18 9
14 8 5 2
0 4 2 10
5 15 7 12
12 0 4 14
14 6 7 4
2 5 8 8
1 15 6 3
13 4 14 16
5 9 9 3
19 19 10 0
