14 17 5364
0001010010001
0001010010001
0001010010001
1101010010001
1101010010001
1101010010001
1101000010001
1101000010001
1101000010001
1101000010001
1101000010001
1100000000001
1100000100000
1100000100000
00000000000000
00000000000000
00000000000000
00000000011100
00000000000000
00000000000000
00001000000000
00001111011100
00000000000000
00000000000000
00000000000000
00000000000000
00000000000000
8 6 9 9
2 0 0 12
2 9 0 3
5 4 13 7
11 6 12 10
9 0 10 1
4 1 2 2
6 13 12 2
0 0 2 10
9 3 1 13
3 12 13 3
0 13 1 0
8 5 7 12
12 7 1 5
11 8 6 0
5 6 5 8
10 5 1 6
