14 15 3719
0001000000000
0001000000000
0000000000000
0000000000000
0000010000000
0000000000000
0000000000000
0000000000000
0000000000000
0000000010000
0000000000000
0000000000000
0000000000000
0000000000000
00000000000000
00000000000000
00000000000000
00000000000000
11111110000000
00000000000000
00000000000000
00000000000000
00000000000000
11111111111110
00000000000000
00000000000000
00000000000000
7 0 6 0
8 7 6 2
6 3 6 13
9 3 7 2
10 6 7 3
1 11 9 1
1 12 5 0
6 4 3 6
11 6 5 7
5 8 0 4
5 4 5 1
4 5 5 5
12 2 9 10
7 4 12 1
4 2 6 10
