16 14 2627
001000000100000
000000000100000
000000000000000
000000000000000
000000000000000
000000000100000
010000001100000
000000001100000
000000001100000
000000001100000
000000001100000
000000001000000
000000001001000
000000001000000
000000001000000
000000001000000
0001000000000000
0000000000000000
0000000000000000
0000000000000001
0011111111111111
1111111100000000
0000000000000000
0000000000000000
1000000000000000
0000000000000000
0000000000000000
0000000000011111
0000000000000000
0000000000000000
1111000000000000
1 3 14 9
5 14 7 1
2 14 6 15
6 3 4 11
11 13 8 10
4 5 11 11
10 8 11 12
3 11 1 11
8 5 6 7
0 15 14 3
5 7 2 11
0 13 1 0
5 15 0 6
5 11 5 0
