17 10 2147
0000000000000000
0000000000000000
0000000010000000
0001000010000000
0001000010000000
0000000000000000
0000000000000000
0000000000000000
0000000000000000
0000000000000010
0000000000000010
0000000000000010
0000000000000010
0000000000000010
0000000000000010
0000000100000010
0000000100000010
00011111111111111
00000000000000000
00000000000000000
00000000011111110
00011111111111111
00000000000000000
00000000000000000
00000000000000000
00000000000000000
00000000000000000
11111111100011100
00000000000000000
00000000000000000
00000000000000000
00000000000000000
00000000000000000
11 10 16 3
14 12 15 13
7 14 0 4
4 8 10 6
12 4 7 11
15 14 8 1
8 7 6 6
1 4 14 15
14 3 6 10
10 1 16 0
