20 22 5456
0000000000000000000
0000000000000000000
0000000000000000000
0000000000000000000
0000000000000000000
0000000000000000000
0000000000000000000
0000000000000000000
0000000000000000001
0000000000000000000
0000000100000000000
0000000100000010000
0000000100000010000
0000000100000010000
0000000100000010000
0000000100000010000
0000000100000010000
0000000100000010000
0000000100000010000
0000000000000010000
00000000011111111111
00000000000000000000
00000000000000000000
00000000000000000000
00000000000000000000
00000000000000000000
00000000000000000000
00000000000000000000
00000000000000001111
11111111111111110000
00000000000000000000
00000000000000000000
00000000000000000000
00000000000000000000
00000000000000000000
00000000000000011000
00000000001111100000
00000000000000000000
00000000000000000000
9 3 7 5
15 7 5 17
1 7 8 2
16 18 15 6
7 11 0 1
16 3 12 16
3 17 8 4
19 9 2 18
15 19 13 8
5 7 9 13
4 18 6 9
7 1 0 13
14 9 19 18
4 3 1 17
12 12 7 6
10 0 15 18
16 2 19 0
8 7 3 19
0 16 1 3
8 9 10 8
13 12 7 4
16 8 19 15
