20 35 5321
0100000010011000000
0100000010011000000
0000000010011000000
0000000000011000000
0000000000011000000
0000000000011000000
1000000000011000000
1000000000011010000
1000000000010010000
1000000000010010000
1000000000000010000
1000000000000010000
1000000000000000100
1000010000000000100
1000010000000000100
1000010000000000000
1000010000000000000
1000110000000000000
1000110000000000000
1000110000000000000
00000000000000000001
00000000000000000000
00000000000001000000
00000000000000000000
00000000000000000000
01111111110000000000
00000000000000000000
00000000000000000000
00000000000000000000
00000000000000000000
00000000000000100000
00001111111111111111
00000000000000000000
00000000000000000000
00000011111110000000
00000000000000000000
00000000000000000000
00000000000000001111
00000000001111111111
9 15 1 14
3 5 0 9
4 16 10 2
3 1 14 5
5 5 16 5
19 18 1 3
15 11 14 1
10 16 7 4
3 12 12 14
7 2 16 12
1 6 3 3
13 9 0 11
15 2 7 5
12 19 13 16
1 2 8 11
19 17 18 15
15 4 17 1
2 6 0 3
8 14 7 11
6 5 4 12
11 6 16 9
10 19 12 11
9 17 3 14
6 10 9 0
9 9 14 18
7 15 6 11
1 15 11 13
8 7 8 9
18 12 11 18
3 4 13 2
3 17 14 8
6 6 7 14
13 19 13 1
12 9 8 12
13 7 0 19
