16 22 3541
000000000001000
000000000001000
000000000001000
000000110001000
000000110000000
000000100000000
000000100000000
010000000000000
000110000000000
000010000000000
000010000000000
000000000000000
000001000000000
000001000000000
000001001000000
000001001000000
0000000000001100
0000000000000000
1001111111110000
0000000000000000
0000000000000000
0000000000000000
0000000000000000
1111111111000000
0000000000000000
0000000000000000
0000000000000000
0000000000000000
0000000000000000
0000000000000000
0000000000000000
5 6 15 0
0 7 15 4
3 12 0 9
11 2 15 12
5 13 1 9
7 2 13 8
4 3 7 8
11 0 0 3
14 9 5 14
5 7 4 4
14 10 7 14
3 9 13 4
8 10 3 3
2 14 9 0
15 5 14 0
0 1 6 8
0 2 14 6
5 2 1 15
15 10 12 3
14 15 0 0
8 5 13 6
2 8 4 1
