19 33 9798
000000000000000000
000000001000000000
000000001000000000
000000000000000000
000000000000000000
000000000000000000
000000000000000000
000000000000000000
000001000000000000
000001000000000000
000001000000000000
000001000000000000
000001000000000000
000001000000000000
000001000000000000
000001000000000000
000001000000000000
000001000000000000
000001000000000000
0000000000000000000
0000000000000000000
1111111111000000000
0000000000000000000
0111111111111111111
0000000000000000000
0000000000000000000
0000000000000000000
0000000000000000000
0000000000000000000
0000000000000000000
0000000000000000000
0000000111111111111
0000000000000000000
0000000000000000000
0000000000000000000
0000000000000000000
0000000000000000000
15 6 8 17
14 10 3 1
16 6 0 7
3 13 13 11
11 3 6 15
0 4 12 5
12 7 7 5
3 8 1 12
18 0 18 2
2 0 16 5
15 18 8 2
4 9 17 0
8 4 2 9
3 11 9 10
15 5 5 2
18 15 4 11
15 9 11 7
9 0 1 15
1 7 14 14
8 16 16 4
13 10 1 3
4 1 18 4
8 3 13 13
11 14 15 13
2 12 1 0
6 13 0 9
7 0 14 5
7 11 15 10
15 14 5 13
12 9 2 8
17 14 6 17
1 11 17 5
0 2 5 3
