12 24 6800
00000000000
00000000000
00000000000
00000000000
00000000000
00000100000
00000100000
00000100000
00000100000
00000100000
00000100000
00000100000
111110000000
000000000000
000000000000
000000000000
000000000000
000000000000
011111011111
100000000000
000000001111
000000000000
000000000000
9 10 2 6
5 1 6 10
4 2 10 7
4 5 1 9
8 11 3 9
8 9 10 4
2 5 8 6
10 8 8 10
6 6 0 7
7 10 2 1
3 6 5 4
5 0 0 5
9 1 6 2
11 6 0 1
3 8 7 2
1 4 9 7
3 3 2 9
3 5 6 11
4 3 6 4
5 5 9 5
2 0 2 2
11 1 9 11
8 0 1 10
3 1 11 8
