16 23 8191
000000000000000
000000001000000
000000001000000
000000000000000
000000000000000
000000000000000
000000000000000
000000000000000
000000000000000
000000000000100
000000000000100
000000000000100
000000000000101
000000000000101
000000000000101
000000000000101
1111111111111110
1100000000000000
0000000000000000
1000111111111111
0000000000111111
0000000000000000
1111111110000000
1110000000000000
0000000000000000
0000000000000000
0000000000000000
0000000000000000
0000000000000000
0000000000001000
0000000000000000
5 10 2 1
0 0 7 7
11 14 4 8
5 6 14 3
9 6 8 3
3 9 5 12
2 7 9 15
15 7 9 2
1 8 11 2
2 4 7 6
10 9 3 15
15 5 6 11
1 9 12 11
7 5 3 14
9 8 15 15
0 13 1 3
4 0 15 1
6 8 10 11
8 8 7 9
4 5 1 11
9 7 11 0
14 5 6 9
3 12 12 12
