14 13 1385
0000100000010
0000100000010
0000100000010
0000100000010
0000100000010
0000100000010
0000100000010
0000100000010
0000100000010
0000100000010
0000000000010
0000000000010
0000000000000
0000000000000
00000111111000
00000000000000
00000000000000
00000000000000
11110000000000
00000000000000
00000000000000
00000000000000
00000000000000
00000000000000
11100000000000
00000000000000
00000000000000
1 6 6 12
7 9 13 6
1 3 6 4
12 8 6 10
9 10 4 4
13 9 6 8
12 13 9 1
8 11 11 3
3 8 3 6
12 12 11 1
2 8 9 11
1 11 5 3
9 2 6 7
