17 18 4355
1000000000100000
1000000000110011
1000000000110011
1000000000110001
1000000000110001
1000000000110001
1000000000110001
1000000000010001
1000000000010001
1000000000010001
1000100000010001
1000100000010000
0000100000010000
0000100000010000
0000100000010000
0000100000000000
0001100000000000
00000000000111110
00000000000000000
00000000000000000
00000000000000000
00000000000000000
00000000000000000
00000000000000000
00111111111100000
00000000000000000
00000000000000000
00000000000000000
00000000000000000
00000000000000000
00000000000000000
00000000000000000
00000000000000000
8 16 0 16
15 4 3 7
9 11 10 12
3 15 10 5
10 11 5 8
13 0 6 8
8 11 3 2
4 6 4 7
5 5 7 16
14 8 8 9
0 9 13 2
8 6 9 1
10 14 8 13
9 5 0 6
15 15 0 1
7 4 13 6
3 6 14 13
2 7 2 15
