18 32 7922
00000110000000000
00000100000000000
00000100000000001
00000100100000001
00000100100000001
00000100100000101
00000100100000101
00000001100000101
00000001100000101
00000001100000101
00100001100000101
00100001100000101
00100001100000101
00100001100000101
00100001000000101
00100001000000100
00100001000000100
00100000000000100
000000000000111111
000000000000001111
000000000000000000
111000000000000000
000000110000000000
000000000000000000
000000000000000000
000000000000000000
000000000000000000
000000000000000010
000000000000000000
000000010000000000
000000000000000000
000111111110000000
000000000000000000
000001110000000000
000000000000000000
7 8 16 3
6 9 17 11
4 3 12 16
16 7 6 1
4 9 3 16
7 12 11 12
4 16 11 1
2 2 15 10
10 9 11 7
10 10 17 5
16 15 0 14
10 3 11 5
17 13 3 1
7 17 1 10
0 1 13 6
5 5 9 11
16 6 6 7
14 0 4 15
17 1 6 0
2 8 2 10
9 2 5 2
8 2 14 11
4 5 0 8
15 6 17 9
3 5 14 2
2 11 8 11
7 16 11 17
7 4 17 0
9 12 6 4
8 4 16 9
11 6 1 12
7 3 7 9
