19 12 4935
000000010000001000
010000000000001000
011000000000001000
011000000000001000
011000000000001000
011000000100001000
011000000100001000
011000010100001000
011000010100101000
010000010100101000
010001010100101000
010001010100101000
010001010100101000
010000000000101000
010010010000100000
010010010000100000
010010010000100000
010010010000100000
010010010000100000
1000000000000001110
0011111111100000000
0000000000000000000
0000000000000000000
0000000000000000000
0000000000000000000
0000000000000000000
0000000000000000000
0000000000000000000
0000000000000000000
0000000000110000000
0000000000000000000
0000011111111000000
0000000000000000001
0011000000000000000
0000000000000000000
0000000000000000000
0000000000000000000
13 12 10 5
10 11 13 9
17 15 9 17
9 15 11 13
9 9 4 3
9 16 11 5
9 2 16 8
18 0 11 17
16 12 12 8
0 5 4 12
16 7 5 16
12 11 10 7
