14 16 922
0000000000000
0000000000000
0000000000000
0000000000000
0000000000000
0001000000000
0001000000000
0001000000000
0001000000000
0001000000010
0001000000000
0001000000000
0001000000000
0001000000000
11111100000000
00000000000000
11111110000000
00000000000000
00000000000000
00000000000000
00000000000000
00000000000000
00000001111100
00000111111111
00000000001111
00000000000000
00000000000000
4 1 0 11
10 9 1 0
7 3 10 1
11 8 6 10
5 9 4 2
2 11 5 0
9 4 4 12
0 2 8 2
4 4 8 1
7 5 1 7
12 2 13 7
11 12 3 4
0 6 4 11
9 8 10 11
11 9 4 6
8 6 0 0
