16 13 1438
000000000000000
000000000010000
000000000010000
000000000010000
000000000010000
000000000010000
000000000010000
000000000010000
000000000010000
000000000010000
000000000010000
000000000010000
000000000010000
000000000010000
000000000010000
000000000010000
0000000000000000
0000000000000000
0000000000000000
0000000000000000
1111111000000000
0000000000000000
0000000000000000
0000000000000000
0000000000000000
0000000000000000
0000000000000000
0000000000000000
0000000000000000
0000000000000000
0000000000000000
6 15 9 8
4 6 13 14
12 1 11 10
11 4 1 4
1 7 2 12
2 14 12 4
6 4 15 2
9 1 11 7
7 5 8 13
14 2 13 5
2 1 4 1
6 2 12 13
0 8 11 11
