20 31 10021
0000000000000000000
0000000000000000000
0000000000000001010
0000000000000001010
0000000000000001010
0000000000000011010
0000000000000011010
0000000000000011010
0000000000000111010
0000000000000110010
0000000000000110000
0000000000000010000
0000000000000010000
0000000000000010000
0000000000000010000
0000000000000010000
0000000000000010000
0000000000000010000
0000000000000010000
0000000000000010000
00000000000000000000
00000001111111111111
00000000000000000000
00000000000000000000
00000000000000000000
00000000000000000000
00000000000000000000
00000000000000000000
00000000000000000000
00000000000000000000
00111111111111100000
00000000000000000000
00000000000000000000
00000000000000000000
00000000000000000000
00000000000000000000
00000000000000000111
00000000000000000000
00000000000000000000
16 10 17 15
4 11 9 10
2 18 4 9
1 0 19 18
14 1 7 1
14 7 10 3
11 14 18 9
3 3 5 15
5 6 1 10
15 13 7 3
9 8 6 15
5 13 19 19
18 11 12 10
11 6 9 11
9 4 7 14
10 11 12 11
12 3 9 1
0 15 17 12
10 0 6 13
5 0 15 2
0 3 9 16
3 5 12 5
19 5 13 13
10 12 17 19
11 19 1 14
9 12 18 15
18 19 9 17
10 18 14 8
0 10 18 0
7 9 9 13
3 12 5 19
