15 18 1408
00000100100100
00000100100100
00000100100101
00000000100001
00000000100001
00000000100001
00000000101001
00000000001001
00000000001001
10000000101001
10100000101001
10100000001001
10110000001001
10110000011001
10110100011001
000000000000000
000000000000000
000000000000000
000000000000000
000000000000000
000000000000000
111111100000000
111111111100000
000000000000000
000000000000000
000000011110000
000000000000000
000000000000000
000000000000000
7 11 0 4
7 7 8 1
1 2 5 5
13 7 14 5
9 12 4 2
2 6 7 14
10 10 8 10
12 2 6 12
12 1 11 9
5 7 3 1
0 11 5 1
10 11 1 3
1 7 0 14
2 7 12 5
11 13 0 8
1 1 6 14
0 5 6 9
3 14 4 12
