17 24 12839
0000000000000000
0000000000000000
0000000000000000
0000000000000000
0000000000000000
0000000000000000
0000000000000000
0000000000000000
0000000000000000
1000000000000000
1000000000000000
1000000000000000
1000000000000000
1000000000000000
1000001000000000
1000001000000000
1000001000000000
00000000000000000
00000000000000000
00000000000000000
00000000000000000
00000000000000000
10000000000000000
00000000000000000
00000000000000000
00000000000000000
00000000000000000
00000000000000000
00000000000000000
00000000000000000
00000000000000000
00000000000000000
00000000000000000
0 8 11 7
5 9 2 8
16 10 9 6
0 5 12 8
9 12 10 14
4 9 10 15
2 5 8 15
4 10 3 11
1 3 9 11
11 15 14 7
5 16 16 14
15 2 0 9
9 14 4 12
8 5 4 6
4 2 15 15
4 3 16 5
0 15 13 12
0 4 2 14
1 0 16 15
15 12 9 13
10 10 7 3
7 10 12 2
6 0 3 4
11 0 1 5
