16 23 6233
010000000100001
010000000100001
010000000100001
000000000000001
000000000000001
000000000000000
001000000000000
001000000000000
101000000000000
101000000000000
101000001000000
101000001000000
101000001000000
101000001000000
101000001000000
101000100000000
0000000000000000
0000000000000000
0000000000000000
0000000000000000
0000000000000000
0000000000000000
0000000000000000
0000000000000000
0000011111111111
0000111111111111
0000000000000000
0000000000000000
0000000000000000
0000000000000001
0000000000000000
12 0 12 2
13 13 2 15
14 5 10 8
7 10 9 0
14 15 0 3
7 15 1 7
14 7 11 7
9 9 7 6
11 9 11 5
9 10 8 12
6 6 9 5
2 7 10 10
14 0 13 10
9 2 15 5
4 15 13 1
0 6 5 10
2 5 14 8
3 1 14 4
14 11 1 2
7 4 3 4
1 0 6 1
4 10 2 10
15 6 8 7
