19 22 5022
000001010010000000
000001010010000000
000001010010000000
000001010010000000
000001010010000000
000001010010000000
000001010010000000
000001010010000010
000000010010000010
000000010010000010
000000010010000010
000000011010000010
000000011010000010
000000011010000010
000000011000000010
000000001000000010
000000001000000010
000000001000100010
000000001000100010
0000000000000000001
0000000000000000000
0000000000000000000
0000000000000000000
0000000000000000000
0000000000000000000
0000000000000000000
0000000000000000000
0000000000000000000
0000000000000000000
0000000000000000000
0000000000000000000
0000000000000000000
0000000000000000000
0000000000000000000
0000000000000000000
0000000000000000000
0000000000000000000
0 13 1 14
7 3 18 0
16 13 11 13
14 3 18 3
1 15 9 14
17 9 3 15
8 13 17 14
0 6 14 15
2 6 12 10
4 16 4 13
1 16 5 1
2 8 7 17
15 5 1 8
6 1 16 17
16 11 8 9
16 5 14 0
12 12 13 10
10 6 4 8
4 5 13 15
4 14 15 14
7 7 8 12
16 3 3 8
