20 12 2358
0000000100010000010
0000000100010000010
0000000100010000010
0000000100010000010
0000000100010000010
0000000100010000010
0000000100010000010
0000000100010000010
0000000100010000010
0000000100010000000
0000000000010000000
0000000000010000000
0000000000010010000
0000000010000010000
0000000010000010000
0000000010000010000
0000000010000010000
0000000010000010000
0000000010000010000
0000000000000000000
00000000000000000000
00000000000000000000
00000000000000000000
00000000000000000000
00000000000000000000
00000000000000000000
00000000000000000000
00000000000000000000
00000000000000000000
00000000000000000000
00000000000000000000
00000000000000000000
00000000000000000000
11000000000000000000
00000000000000000000
00000000000000000000
00011111100000000000
00000000000000000000
00000000011111111111
7 11 2 14
15 11 9 2
13 7 1 18
11 5 19 1
13 18 13 0
12 12 17 19
18 10 6 9
12 8 3 19
3 9 14 12
12 10 4 12
17 14 16 13
16 9 18 15
