13 23 1781
000000000000
000001000000
000001000000
000000000000
000000000000
000000000000
000000000000
000000000000
000001000000
000001010000
000001010001
000001010001
000001010001
0000011111111
0000000000000
0000000000000
0000000001111
0000000000000
0000000000000
0000000000000
0000000000000
0000000000000
0000000000000
0000000000000
0000000000000
1 6 0 8
7 10 12 11
4 4 1 9
6 7 4 3
0 11 1 8
2 2 3 1
12 5 1 12
3 4 6 9
6 12 10 8
4 7 1 3
12 3 7 4
0 6 6 10
12 0 11 10
9 10 4 1
3 2 9 2
11 5 10 1
1 5 0 9
7 6 2 0
7 9 2 5
2 12 5 3
1 7 6 1
5 4 8 11
5 5 8 2
