15 28 11487
00000000010000
00000000000000
00000000000000
00000000000000
00000000000000
00000000000000
00000000000000
00000000000000
00000000000000
00000000000000
00000000000000
00000000000000
00000000000000
00000000000000
00000000000000
000000000000000
000000000000000
111110000000000
000000000000000
000000000000000
000000000000000
111111111111110
000000000000000
000000000000000
000000000000000
001111111111111
111000000000000
000000000000000
000000000000000
4 2 4 0
12 14 2 7
2 1 3 9
3 0 13 4
2 13 3 10
11 4 2 2
5 14 6 0
9 7 11 5
14 7 8 0
14 14 1 13
1 4 4 12
1 6 6 10
3 1 0 8
7 13 9 12
2 10 6 5
0 4 12 5
2 3 9 0
8 4 1 1
11 14 13 8
10 5 1 9
6 8 3 8
12 13 1 8
2 6 6 7
4 6 10 14
9 4 12 1
0 1 7 3
2 8 8 1
4 9 10 8
