19 35 24853
000000000000000000
000000000000000000
000000000000000000
000000000000000000
000000000000000000
000000000000000000
000000000000000000
000000000000000000
000000000000000000
000000000000000000
000000000000000000
000000000000000000
000000000000000000
000000000000000000
100000000000000000
100000000000000000
100000000000000000
100000000010000000
100000000010000000
0000000000000000000
0000000000000000000
1111111000000000000
0000000000000000000
1100000000000000000
0000011111111111111
0000000000000000000
0000000000000000000
0000000000000000000
1000000000000000000
0000011111111111111
0000000000000000000
0000000000000000000
0000000000000000000
0000000000000000000
0000000000000000000
0000000000000000000
0000000000000000000
10 8 8 17
1 18 9 0
15 14 3 3
17 18 10 13
5 16 11 2
2 4 13 3
6 5 12 1
1 5 16 9
17 0 8 4
10 7 6 17
2 6 7 16
14 0 8 18
12 0 4 1
13 12 5 2
4 3 5 18
11 1 15 11
12 9 15 3
2 0 10 15
6 2 18 15
4 7 14 1
9 15 16 0
3 9 6 8
11 9 8 1
8 13 12 4
7 17 15 18
18 11 0 14
1 1 11 11
8 11 4 9
12 5 17 4
8 7 11 10
8 3 11 8
15 8 15 1
15 15 14 16
7 14 2 18
13 17 5 0
