16 9 4137
010000000000010
010000000000010
010000000000010
010000000000000
010000000000000
010000000000000
010000000000000
010000000000000
010000000000000
000000000000000
000000000000000
000000000000000
000000000000000
000000000000000
000000000000000
000000000000000
0000000000000000
0000000000000000
0000000000000100
0000000000011111
0000000000000000
0000000000000000
0011111111111100
0000000000000000
0000000000000000
0000000000000000
0000000000000000
0000000000000000
0000000000000000
0001111111111111
0000000000000000
15 3 2 14
0 0 15 6
7 0 8 1
5 12 5 1
14 5 6 10
1 11 0 1
14 8 9 11
13 8 1 13
5 8 12 1
