14 14 1137
0000100000000
0000000000000
0000000000000
0100000000000
0100000000000
0100000000000
0100000000000
0100000000000
0100000000000
0100000010000
0100010010000
0100010010000
0100010010000
0100010010000
00000000000000
00000000000000
00000000000000
00000000000000
00000000000000
00000000000000
00000000000000
00000000000000
00000000000000
00000000000000
00000000000000
00000000001111
00000000000000
3 13 8 9
0 3 2 9
4 0 3 6
12 0 8 0
7 6 7 3
11 3 2 10
10 10 6 10
11 1 7 4
5 10 5 12
9 9 13 10
3 12 2 7
1 13 7 12
11 11 1 4
1 0 1 3
