20 30 3699
0010000000000000000
0010000000000000000
0010000000000000000
0010000000000000000
0010000000000000000
0000010000000000000
0000010000000000000
0000010000000000000
0000010000000000000
0000000000000000001
0000000000000100001
0000000000000100000
0000000000000100000
0000000000000100000
0000000000000100000
0000000000000100000
0000000000000100000
0000000000000100000
0000000000000100000
0000000000000100000
00000000000000000000
00000000000000000000
00000000000000000000
00000000000000000000
00000000000000000000
00000000000000000000
00000000000000000000
00000000000000000000
11111111111111111110
00000000000000000000
00000000000000000000
00000000000000000000
00000000000000000000
00000000000000000000
00000000000000000000
00000000000000000000
00000000000000000000
00000000000000000000
00000000000000000000
14 19 11 0
2 13 9 3
12 11 4 17
1 4 4 4
9 12 8 9
0 17 1 6
3 11 1 9
16 17 6 0
11 2 19 15
9 11 5 15
18 14 4 19
11 19 6 14
14 17 5 9
12 15 1 0
16 16 4 9
5 6 19 13
9 4 11 14
14 18 12 17
16 15 10 14
2 10 2 19
19 4 15 18
13 15 11 9
9 18 9 15
10 13 7 16
16 2 12 4
15 19 14 5
4 7 2 8
8 12 19 10
12 1 0 1
17 18 7 13
