20 27 5496
0000000000000000000
0000000000000000000
0000000000000000000
0000000000000000000
0000000000000000000
0000000000000000000
0000000000000000000
0000000000000000000
0000100000000000000
0000100000000000000
0000100000000000000
0000100000000000000
0000000000000010010
0000000000000010010
0000000000000010010
0100000000100010010
0100000000100010010
0100000000100010010
0100000000110010010
0100000010110000010
00000000000000000000
00000000000000000000
00000000011111111111
11111111111111111100
11000000000000000111
00000000000000000000
00000001111111111111
00011111111111111111
00000000000000000000
10000000000000000000
00000000000000000000
00000011111111111100
00000000000000000000
00000000000000000000
00000000000000000000
00000000000000000000
00000000000000000000
00000000000000000000
00000000000000000000
11 17 19 8
2 0 8 7
6 2 18 12
6 8 9 0
9 14 8 16
16 15 17 3
10 0 16 8
16 12 1 13
17 17 3 15
18 0 9 18
9 13 3 14
11 9 6 19
9 10 5 14
9 9 5 13
13 10 10 10
19 6 0 19
19 13 2 14
13 15 1 15
17 6 5 2
4 19 15 19
15 14 3 18
0 17 5 0
9 4 15 0
2 7 16 4
7 7 11 7
16 3 13 6
6 4 1 7
