16 9 1674
010000001000000
010000001000000
010000001000000
010000001000000
010000001000000
010000001000000
000000001000000
000000001000000
000000001000000
000000001000000
000000001010000
000000001010000
000000001010000
000000001010000
000000001010000
000000000000000
0000000000000000
0000000000000000
0000000000000000
0000000000111111
0000000000000000
0000000000000000
0000000000000000
0000000000000000
0000000000000000
0000000000000000
0000000000000000
0000000000000000
1111110000000000
0000000000000000
1110000001111110
12 0 3 0
15 12 13 4
11 11 0 9
8 6 9 15
3 1 2 5
0 6 8 1
4 12 8 3
4 7 0 14
7 3 6 8
