19 21 3440
000100110000000010
000100110000000010
000100110000000010
000100110000000010
000110110000000010
000110110000000010
000110010000000010
000110010000000010
000010010000000010
000010010000000010
000010011000000010
000010011000000010
000010011000000010
000010011000000010
000010011000000010
000010001100000010
000010001100000000
000010001100000000
000010001110000000
0000100011110000000
0000000000111111110
0000000000000000000
0000000000000000000
0000000000000000000
0000000000000000000
0000000000000000000
0000000000000000000
1110000000000000000
0000000000000000000
0000000000000000000
0000000000000000100
0000000000000000000
1111000000000000000
0000000000000000000
0000000000000000000
0000000000000000000
0000000000000000000
7 11 14 12
3 16 10 13
11 6 7 1
1 5 16 7
18 9 0 17
10 4 14 0
9 6 15 6
1 4 14 7
15 0 3 18
10 15 6 1
5 18 0 0
3 2 9 10
4 14 18 6
6 4 9 15
8 11 13 7
2 2 1 6
2 1 9 2
2 16 0 18
15 16 8 4
12 2 18 17
17 16 1 1
