20 35 12703
0000000000000000000
0000000000000100000
0000000000000100000
1000000000000100000
1000000000000100000
1000000000000100000
0000000000000100000
0000000000000100000
0000000000000100000
0000000000000000000
0000000000000000000
0000000000000000000
0000000000000000000
0000010000000000000
0000010000000000000
0000010000000000000
0000010010000000000
0000010010000000000
0000000000000000000
0000000000000000000
00000000000000000000
00000000000000000000
11100000000000000000
00000000000000000000
00000000000000000000
00000000000000000000
00000000000000100000
00000000000000000000
11111111111111111100
00000000000000000000
00000000000000000111
00000000000000000000
11111000000000000000
00000000000000000000
00000000000000000000
00000000000000000000
00000000000000000000
00111111111111111111
00000000000000000000
16 19 18 4
3 1 4 19
1 5 15 11
11 9 2 9
11 3 11 13
8 14 10 6
11 17 18 8
9 18 12 18
11 16 5 14
2 11 2 17
5 16 2 12
2 16 0 4
7 5 2 10
15 19 0 14
13 15 3 13
12 7 4 3
3 0 12 3
19 7 4 7
12 12 1 16
10 8 19 5
13 19 16 11
6 15 15 18
2 15 11 18
11 15 1 14
1 3 18 12
14 3 11 5
16 5 3 6
17 11 14 14
16 10 2 1
5 15 15 3
6 7 12 11
9 2 13 4
0 3 4 14
14 10 13 18
6 11 18 14
