17 32 6714
1000000000000000
1000000000000000
1000000000000000
1000000000000000
1000000000000000
0000000000000000
0000000100000000
0000000100000000
0000000000100000
0000000100100000
0000000100000001
0000000110000001
0000000110000001
0000000110000000
0000000110000000
0000000110000000
0000000110000000
00000000000000000
01111111111000000
00000000000000000
00000000000000000
01000000001111111
00000000000000000
00000000000000000
11111111111111110
00000000000000000
11110000000000000
00011111000000000
00111111000011110
00000000000000111
00000000000000000
00000000000000000
00000000000000000
10 7 10 14
3 1 12 6
5 5 10 5
2 11 11 3
3 0 1 11
6 3 2 16
12 3 16 1
15 3 11 13
1 10 0 9
5 7 15 16
15 5 1 6
1 13 10 8
5 10 6 7
10 12 7 9
1 4 16 8
1 1 7 2
7 1 8 8
16 5 10 10
3 4 1 5
2 1 4 10
5 2 0 1
14 13 4 3
14 12 5 12
7 16 4 11
7 8 15 14
12 10 0 15
9 16 15 15
7 4 7 11
1 14 11 4
4 0 4 14
4 6 9 14
16 6 14 1
