15 20 1133
00000000000000
00000000000000
00000000000000
00000000000000
00000000000000
00000000000000
00000000000000
00000000000000
00000000000000
00000000000000
00000000000000
00000000000000
00000000000000
00000000000000
00000000000000
000000000000000
000000000000000
000000000000000
000000000000000
000000000000000
000000000000000
000000000000000
000000000000000
000000000000000
000000000000000
000000000000000
000000000000000
000000000000000
111100000000000
11 7 12 11
9 0 6 2
1 10 1 7
13 6 5 0
12 12 13 8
8 10 1 9
9 12 6 3
9 4 5 2
4 13 1 1
14 2 10 7
12 5 12 3
9 13 8 11
8 7 5 9
4 2 3 12
3 3 12 4
1 12 13 14
14 14 7 0
3 14 14 11
6 5 5 12
1 4 9 14
