20 21 6655
0010000000000000000
0000000000000000000
0000000000000000000
0000000000000000000
0000000000000000000
0000000000000000000
0000000000000000000
0000000000000000000
0000000000000000000
0000000000000100000
0000000000000100000
0000000000000100000
0000001000000100000
0000001000000100000
0000001000000100000
0000001000000100000
0000001000000100000
0000000000000100000
0000000000000100000
0000000000000100000
00000000000000000000
00000000000000000000
00000000000000000000
00000000000000000011
00000000011111111111
00000000000000000000
00000000000111111111
00000000000000000000
00000000000000000000
00000000000000110000
00000000000000000000
00000000000000000000
00000000000000000000
00000000000000000000
00000000000000000000
00000000000000000000
00011111111111000000
00000000000000000000
00000000000111000000
18 5 1 4
18 19 1 16
12 7 3 7
19 16 15 7
9 18 16 2
9 6 3 16
11 8 13 9
6 19 13 5
1 3 9 14
9 3 9 12
19 7 8 1
7 5 3 18
3 4 18 10
5 10 19 11
11 13 14 10
16 6 4 18
8 9 18 17
19 18 5 15
10 0 4 19
0 10 1 6
15 15 4 0
