17 9 1034
0000010000010000
0000011000010000
0000011000010000
0000011000010000
0000011000010000
0000011000010000
0000011000010000
0000011100010000
0000011100010000
0000011100010010
0000011100000010
0000001100000010
0010000100000010
0010000101000010
0000000101000010
0000000101100010
0000000101101010
00000000000000000
11000000000000000
00000000000000000
00000000000000000
00000000000000000
00000000000000000
00000000000000000
00000000000000000
00000000000000000
00000000000100000
00000000000000000
00011111000000000
00000000000000000
00000000000000000
00000000000000000
00000000000000000
10 6 14 3
15 1 11 16
16 4 6 10
12 1 2 2
0 16 10 11
15 14 4 11
6 8 3 11
6 2 3 3
1 4 0 12
