14 18 2564
0000000000000
0000000000000
0000000000000
0000000000000
0000000000000
0000000000000
0000000000000
0000000000000
0000000000000
0000000000000
0000000000000
0000000000000
0000000000000
0000000000000
00000000000000
00000000000000
00000000001111
00000000000000
00000000000000
00000000000000
00000000000000
00000000000000
00000000000000
00000000000000
00000000000000
00000000000000
00000000000000
7 5 13 1
10 9 13 5
6 9 3 12
9 8 2 11
4 4 9 13
8 7 1 0
3 9 6 1
9 2 9 10
7 3 5 1
6 0 13 0
6 7 9 9
12 4 3 11
6 5 6 11
2 13 12 5
9 5 1 5
11 6 8 10
6 6 6 4
3 5 0 8
