14 16 2892
0000000000000
0000000000000
0000001000000
0000001000000
0000001000000
0000001000000
0000000000000
0000000000000
0000000000000
0000000000000
0000000000000
0000000000000
0000000000000
0000000000000
00000000000000
00000000000000
00000000000000
00000000000000
00000000000000
11111111111110
00000000000000
00000000000000
00000000000000
00000000000000
00000000000000
00000000000000
00000000000000
9 12 4 11
8 13 12 6
3 13 2 0
0 2 11 11
8 0 12 11
2 13 2 9
2 12 10 3
0 11 6 4
13 2 13 6
8 3 11 0
7 1 3 1
3 2 13 5
6 11 1 8
2 5 1 11
13 12 0 6
6 0 11 1
