18 26 5150
00000000000000000
00000000000000000
00000100000000000
00000100000000000
00000100000000000
00000100000000000
00000100000000000
00000100000000000
00000100000000000
10000100000000000
00010010000000000
00010000000000000
00010000000000000
00010000000001000
00010000000001000
00010000000001000
00000000000001000
00000000000001000
000000000000000000
000000000000000000
000000000001111111
000000011111111111
000000000000000000
000000100000000000
000000000000000000
000000000000000000
000000000000000000
111111111111100000
000000000000000000
000000000000000000
000000000000000000
000000000000000000
000000000000000000
000000000000000000
000000000000000000
14 9 2 5
3 7 8 3
15 4 8 9
7 5 9 0
3 1 17 14
9 16 16 1
10 9 17 6
15 12 12 3
3 10 4 8
10 6 10 12
14 10 10 4
0 7 9 9
9 4 12 1
15 7 15 10
2 17 5 7
8 1 12 9
15 6 14 4
5 15 9 14
17 10 12 2
4 0 1 16
15 9 11 3
13 11 5 0
2 0 7 14
16 5 2 9
2 4 7 7
17 15 1 15
