19 11 3257
010000000000000000
010000000010000000
010000000010000000
010000000010000000
010000000010000000
010000000010000000
010000000010000000
010000000010000000
000000000010000000
000000000010000000
000000000010000000
000000000010000000
000000000010000000
000000000010000000
000000000010000000
000000000010000000
000000000010000000
000000010010000000
000000010010000000
0000000000000001111
0000000000000000000
0000000000000000000
0000000000000000000
0011110000000000000
0000000000000000000
0000000000000000000
0000000000000000000
0000000000000000000
0000000000000000000
0000000000000000000
0000000000000000000
0000000000000000000
0000000000000000000
0000000000000000000
0000000000000000000
0000000000000000000
0000000000000000000
7 3 16 17
9 11 15 4
18 18 5 5
14 0 12 4
12 14 15 17
13 18 17 15
3 9 13 8
14 13 17 17
3 1 16 15
3 8 13 7
6 12 17 11
