18 18 5177
00010001010000110
00000001000000000
00000001000000000
00000001000000000
00000101000000000
00000101000000000
00000101000000000
00000101000100000
00000101000100000
00000101000100000
00100001000100000
00100001000100000
00100001000100000
00100001000100000
00100000010100000
00000000010100000
00000000010100000
00000000010100000
111000000000000000
000000001110000000
111111100000000000
000000000000000000
111000000000000000
000000000000000000
000000000000000000
000000000000001111
000000000000000000
111111100000000000
000000000000000000
000000000000000000
000000000000000000
000000000000000000
000000000000000000
000000000000000111
000000000000000000
7 15 11 2
9 0 17 2
9 1 3 6
8 13 9 15
13 0 2 0
2 8 0 7
3 9 10 1
8 3 5 17
2 6 17 12
15 5 5 2
11 17 6 1
6 15 8 8
12 16 15 8
16 0 16 13
2 7 4 0
11 13 15 17
14 4 17 6
14 13 14 11
