14 17 3113
0000000000000
0000000000000
0000000000000
0000000100000
0000000110000
0000000110000
0000000110000
0000000000100
0000000000100
0000000000100
0000000000100
0000000000000
0000000000000
0000000000000
00000000000000
00000000000000
00000000000000
11111000000000
00000000000000
00000000000000
00001111111111
00000000000000
00000000000000
00000000000000
00000000000000
00000000000000
00000000000000
6 4 9 1
6 11 11 1
12 4 6 2
11 4 11 5
7 9 7 10
6 13 4 8
4 13 10 10
8 13 2 2
8 12 3 9
12 7 7 8
1 6 1 8
12 12 4 6
12 5 9 5
10 9 4 9
4 2 2 3
9 2 13 0
3 6 9 3
