16 27 12562
000000000000000
000000000000000
000000000010000
000000000010000
000000000000010
000000000000010
000000000000010
000000000000010
000000000000010
000000000000010
000000000000000
000100100000000
001100100000000
001000100100000
001000100100100
001000000100100
1111111111111000
0011111111111111
0000001111100001
0000000000000000
0000000000000000
0000000000000000
0000000000000000
0000000000000000
1111111111000000
0000000011111111
0111111111111111
0000000000000000
0000000000000000
0000000000000000
0000000000000000
6 13 8 15
6 6 7 5
13 12 15 4
10 15 6 3
3 5 13 9
13 3 0 5
0 15 9 3
13 8 15 2
12 5 7 1
2 3 15 10
14 8 2 14
3 13 1 13
1 4 1 5
6 4 9 14
0 8 12 4
6 11 9 1
4 3 10 14
1 15 12 14
14 3 11 14
6 9 10 0
8 14 5 9
7 3 1 14
1 3 5 3
8 1 10 1
2 0 5 7
6 7 10 9
15 5 0 7
