15 21 3708
00000000000000
00000000000000
00000000000000
00000000000000
00000000000000
00000000000000
00000000000000
00000000000000
00000000000000
00000000000000
00000000000000
00000000000000
00000000000000
00000000000000
00000000000000
000000000000001
000000000000000
000000000000000
000000000000000
000000000000000
000000000000000
000000000000000
000000000000000
000000000000000
000000000000000
000000000000000
000000000000000
000000000000000
000000000000000
7 13 8 11
7 11 11 5
10 10 10 13
3 11 9 14
1 7 11 2
14 9 2 5
6 8 0 14
12 14 1 6
5 4 9 1
2 11 13 13
7 10 10 3
5 1 9 9
2 4 4 3
7 8 0 8
1 12 0 3
6 14 0 6
7 2 5 10
3 2 1 5
9 13 2 7
5 6 1 4
7 5 2 2
