14 19 7143
0000000000001
0000000000001
0000000000001
0000000000100
0000000000100
0000000000100
0000000000100
0000000000100
0000000100100
0000000100100
0000000100100
0000000100100
0000000100100
0000000100110
00000000000000
00000000000000
00000000000010
00000000000000
00000000000000
00000000000000
00000000000000
00000000000000
00000000000000
00000000000000
00000000000000
00000000000000
00000000000000
10 8 11 0
9 8 7 12
5 10 12 3
1 1 8 6
4 9 3 1
5 4 7 2
6 0 7 0
12 10 8 3
8 9 4 10
12 7 10 1
8 11 13 1
1 13 0 2
5 5 9 13
5 2 5 3
13 3 1 2
2 9 13 4
10 6 10 12
4 11 9 2
4 1 0 12
