18 28 6777
00000000000000000
00000000000000000
00000000000000000
00001000000000000
00001000000000000
00001000000000000
00001000000000000
00000000100000000
10000000101000000
10000000111100010
00000000011100010
00000000011100010
00000000011100010
00000001011100010
00000001010100010
00000001010100010
00000001000000010
00000000000000010
111111111111110000
000000000000000000
000000000000000000
000000000000000000
000010000000000000
000001111100000000
111111111111110000
111111110111111000
000000000000000000
000000000000000000
000000000000000000
000000000000000000
000000000000000000
000000000000000000
000000000000000000
000000000011111100
000000011111111100
13 14 5 17
5 2 17 13
15 4 15 13
6 8 7 3
12 1 0 0
5 16 14 16
16 2 9 11
16 9 6 4
16 3 11 2
10 5 6 12
4 12 0 1
1 12 10 14
4 16 4 7
2 3 9 9
6 13 16 0
13 2 8 14
10 8 2 12
6 15 13 8
4 3 11 5
12 14 10 2
9 14 5 6
11 16 5 13
2 11 15 7
14 6 10 17
4 8 3 12
9 3 9 5
10 10 0 16
14 1 12 8
