16 13 871
000000000000000
000000000000000
000000000000000
000000000000000
000000000000000
000000000000000
000000000000000
000000000000000
000000000000000
000000000000000
000001000000000
000001000000000
000001000000000
000001000000000
000001000000000
000001000000000
0000000000000000
0000000000000000
0000000000000000
0000000000000000
0000000000000000
0000000000000000
0000000000000000
0000000000000000
0000000000000000
0000000000000000
0000000000000000
0000000000000000
0000000000000000
0000000000000000
0000000000000000
15 2 15 13
15 11 13 10
0 14 9 12
7 3 11 6
15 10 6 6
13 1 14 3
13 2 10 1
11 2 10 12
2 8 5 8
4 9 4 1
14 7 1 9
0 11 4 10
4 14 5 7
