17 12 3015
0100000000010000
0100000000010000
0000000000010000
0000000000000000
0000000000000000
0000000000000000
0000000000000000
0000000000000001
0000000010000001
0000000010000001
0000000010000001
0000000010000001
0000000000000101
0000000000000101
0000000000000101
0000000010000101
0000000010000001
00000000000000000
00000000000000000
00000000000000000
00000000000000000
00000000000000000
00000000000000000
00000000000000000
00000000000000000
00000000000000000
00000000000000000
00000000000000000
00000000011111110
00000000000000000
00000000000000000
00000000000000000
00000000000000000
2 4 10 1
16 13 5 11
2 8 4 2
4 14 10 3
8 0 0 14
4 15 9 9
15 10 0 2
5 14 0 6
15 1 16 11
9 14 10 16
16 8 7 5
2 14 15 16
