20 11 4697
0000000000000000000
0000000000000000000
0000000000000000000
0000000000000000000
0000000000000000000
0000000000000000000
0000000000000000000
0000000000000000000
0000000000000000000
0000000000000000000
0000000000000000000
0000000000000000001
0000000000000000001
0000000000000000001
0000000000000000001
0000000000000000001
0000000000000000001
0000000000000000001
0000000000000000001
0000000000001000001
00000000000000000000
00000000000000000000
00000000000000000000
00000000000000001111
00000000000000000000
00000000000000000000
01111111111111111111
00000011111111111111
00000000000000000000
00000000000000000000
00000000000000000000
11111111111111100000
11111111111111111000
00000000000000000000
00000000000000000010
00000000000000000000
00000000000000000000
11000000000000000000
00000000000000000000
19 5 16 4
8 17 13 1
4 10 1 11
14 6 17 1
5 12 17 4
15 1 14 19
19 17 18 12
16 19 12 9
2 11 15 8
8 13 18 9
5 14 7 0
