14 25 4225
0000000000000
0000000000000
0000000000000
0000000000000
0000000000000
0000000000000
0000000000000
0000000000000
0000000000000
0000000000000
0000000000000
0000000000000
0000000000000
0000000000000
00000000000000
00000000000000
00000000000000
00000000000000
00000000000000
00000000000000
00000000000000
00000000000000
00000000000000
00000000000000
00000000000000
00000000000000
00000000000000
12 13 6 13
7 11 10 1
13 7 12 8
3 11 12 4
4 10 12 10
5 1 4 6
10 11 11 6
5 10 4 9
0 11 11 4
11 12 8 10
0 7 0 5
3 4 0 3
3 10 5 7
13 2 10 6
4 0 2 13
1 7 1 9
6 10 13 12
3 0 2 0
12 6 13 0
8 4 7 1
9 12 2 9
0 6 3 9
8 6 2 11
11 7 3 3
10 7 3 7
