14 13 2154
0100100000000
0000100000001
0000100110000
0000000110000
0000000010000
0000000010000
0000000010000
0000000010000
0000000010000
0000000010000
0000000000000
0000000000000
0000000000000
0000000000000
00000000000000
00000001111111
11100000000000
00000000000000
00011111100011
00000000000000
00001111100000
00000000000000
00000000001111
00000000000000
00000000000000
00000011111111
00000000000000
9 1 7 2
7 13 6 6
11 9 2 13
4 4 2 11
1 12 0 7
0 0 5 4
4 3 1 11
2 6 11 1
9 12 9 11
11 11 12 2
7 9 6 10
13 4 10 1
8 3 5 0
