15 29 3803
01000000000000
01000000000000
01000000000000
01000000000000
01000000000000
00000000000000
00000000000000
00000000000000
00000000000000
00000000000000
00000000000000
00000000000000
00000000000000
00000000000010
00000000001010
000000000000000
000000000000000
000000000000000
000000000000000
000000011111111
000000000000000
000000000000000
000000000000000
000000000000000
000000000000000
000000000000011
000000000000000
000000000000000
000000000000000
11 4 1 3
4 0 9 0
4 12 13 1
12 7 0 2
3 9 8 11
10 4 14 4
8 0 3 10
10 11 5 14
13 7 9 11
14 0 11 10
5 5 5 8
5 11 8 3
9 10 6 3
14 10 13 2
11 13 14 14
3 3 0 5
9 1 12 12
8 8 14 5
7 7 3 11
8 6 5 2
13 9 13 4
5 6 12 6
6 5 14 11
2 10 13 5
11 11 10 5
11 9 9 2
13 11 2 0
14 12 8 9
3 0 1 10
