17 20 1793
0000000000000000
0000000000000000
0000000000000000
0000000000000000
0000000000000000
0000000000000000
0000000000000000
0000000000000000
0000000000000000
0000000000000000
0000000000000000
0000000000000000
0000000000000000
0000000000000000
0000000000000000
0000000000000000
0000000000000000
00000000111111111
00000000000000000
00000000000000000
00000000000000000
00000000000000000
00000000000000000
00000000000000000
00000000000000000
00000000000000000
00000000000000000
00000000000000000
00000000000000000
00000000000000000
00000000000000000
00000000000000000
00000000000000000
7 15 15 1
10 6 15 10
2 3 9 14
0 4 11 13
14 16 14 13
3 7 15 5
6 0 9 13
14 9 12 5
2 1 3 8
4 4 1 6
7 8 13 13
0 3 11 5
6 8 9 3
7 2 3 16
13 8 1 0
0 6 12 16
10 3 1 5
13 14 15 3
11 9 3 13
11 7 14 5
