15 27 2842
00000000000000
00100000000001
00110000000001
00110000000001
00110000000001
00110000000001
00110000000001
00110000000001
00010000000001
00010000000001
00000000000000
00000000000000
00000000000000
00000000100010
00000000100010
011111111111110
000000000000000
000000000000000
000000000000000
000000000000000
000000000000000
000000000000000
000011111000000
000000000000110
011111111111111
000000000001111
000000000000000
000000000000000
000000000000000
8 9 8 6
12 2 10 2
14 8 14 9
10 10 13 4
2 1 9 14
10 13 8 11
8 0 1 0
8 2 11 10
13 5 4 4
6 12 3 13
9 8 14 10
3 5 6 7
12 1 3 0
12 11 6 6
6 5 10 0
4 6 4 14
9 2 6 4
8 3 13 8
11 11 7 1
13 10 6 3
12 7 7 3
5 5 0 13
7 13 13 7
3 1 5 4
3 10 5 0
12 14 3 6
2 5 10 14
