16 13 5624
000000000000000
000000000000000
100000000000000
000100000000100
000100000000100
000100000000100
000100000000100
010100000000100
010100000000100
010000000000100
010000000000100
010000010000100
010000010000100
010000010000000
010000010000000
000000000000000
0111111111111111
0000000000000000
1111111100000000
0000000000000000
0000000000000000
0000000000000000
0000000000000000
0000000000000000
0000000000000000
0000000000000000
0000000000000000
0000000000000000
0000000000000111
0000000000000000
1111111111000000
14 7 13 7
5 5 10 0
4 15 3 1
3 6 2 14
11 11 2 5
0 10 4 6
2 8 7 1
12 3 8 8
7 8 12 10
3 7 0 14
8 14 15 14
15 3 12 9
14 8 9 9
