19 35 6687
000000000000000000
000000000000000000
100000000000000000
100000000000000000
100000000000000000
100000000000000000
100000000000000000
100000000000000000
100000000000000000
100000000000000000
100000000000000000
100000000000000000
100000000000000000
100000000000000000
100000000000000000
100000000000000000
100000000000000000
100000000000000000
100000000000000000
0000000000000000000
0000000000000000000
0000000000000000000
0000000000000000000
0000000000000000000
0000000000000000000
0000000000000000000
0000000000000000000
0000000000000000000
0000000000000000000
0000000000000000000
0100001111111111111
0000000000000000000
0000000000000000000
0000000000000000000
0000000000000000000
0000000000000000000
0000000000000000000
14 1 15 14
1 1 16 3
16 2 7 3
3 13 9 16
12 5 4 13
1 3 10 1
4 3 2 8
15 10 15 11
14 4 3 9
8 14 3 10
14 7 13 8
13 13 15 13
5 5 7 0
4 17 18 13
1 4 10 12
3 17 4 15
14 13 7 9
0 13 11 3
12 16 9 1
9 0 9 9
9 18 0 9
9 4 2 3
9 3 13 4
2 14 10 7
17 14 9 10
3 7 2 0
3 8 16 15
3 11 0 3
5 9 12 10
6 11 4 16
11 14 2 18
3 18 10 15
13 12 2 12
11 6 5 12
15 12 9 8
