20 13 7835
0000000000000000000
0000000000000000000
0000000000000000000
0000000000000000000
0000000000000000000
0000000000000000000
0000000000000000000
0000000000000000000
0000000000000000000
0000000000000000000
0000000000000000000
0000000000000000000
0000000000000000000
0000001000000000000
0000001000000000000
0000001000000000000
0000001100000000000
0000001000000000000
0000001000000000000
0000001000000000000
00000000000000000000
00000000000000000000
00000000000000000000
00000000000000000000
01111111111111111111
00000000000000000000
00000000000000000000
11111111111111111110
00000000000000000000
00000000000000000000
11111000000000000000
00000000000000000000
00000000000000000000
00000000000000000000
00000000000000000000
00000001000000000000
00000000000000000000
00000000000000000000
00000000000000000000
13 0 6 9
0 7 9 3
10 2 18 8
19 4 16 10
0 5 9 13
13 12 17 16
12 10 5 17
11 6 2 14
7 13 16 19
19 19 3 11
18 13 1 12
19 7 16 17
9 8 8 17
