20 22 12127
0010100000001000000
0010100000001000000
0010100000001000000
0010100000001000000
0010100000001000000
0010100000001000000
0010100000001000000
0010100000001000000
0010100000000000000
0010000000000000000
0010000000000000000
0000000000000000000
0000000000000000000
0000000000000000000
0000000000000000000
0000000000000000000
0000000000000000000
1000000000000000000
1000000000000000000
0000000000000000000
00000000000000000000
00000000000000000000
00000000000000000000
00000000000000000000
00000000000000000000
00000000000000000000
00000000000000000000
00000000000000000000
00000000000000000000
00000000000000000000
00000000000000000000
00000000000000000000
11111111111111111100
00000000000000000000
00000000000000000000
00000000000000000000
11110000000000000000
00000000000000000000
00000000000000000000
18 16 6 6
2 0 0 6
0 15 5 12
7 17 14 11
16 15 13 12
13 14 9 14
17 15 14 13
0 5 17 12
19 17 10 12
11 3 1 4
10 13 16 16
9 2 5 9
14 0 17 2
8 14 17 3
17 9 3 11
13 13 5 19
1 12 11 12
1 9 16 10
16 9 4 7
0 17 4 17
12 17 12 2
16 13 13 18
