16 9 899
000100000000010
001000000000010
001000001000010
001000001000000
001000001000000
001001001000000
001001001000000
010000000000000
010001000000000
010001000010001
010001000010000
010001000010000
010001000010000
010001000000000
010001000000000
010000000000000
0000000000000000
0000000000000000
0000000000011100
0000000000000000
1000000000000000
0000000000000000
0001111111111111
0000000000000000
0000000000011111
1000000000000000
0000000000000000
0000000000000000
0000000000000000
0000000000000000
0011111111110000
10 2 9 3
15 1 1 6
1 8 2 5
8 8 0 10
10 6 15 5
12 2 7 11
12 3 0 14
7 5 1 14
2 12 8 7
