20 11 2393
0000000000000001000
0000000000000001000
0000000000000001000
0010000000000001010
0010000000000001010
0010000000000001010
0010000000000001010
1010000000000001010
1111000000000001010
1111000000000000010
1111000000000000010
1111000000000000010
1111000000000000010
1111000100000000010
1111000100000000010
1111000000000000000
1101000000000000000
1100000000000000000
1000000000000000000
1100000000000000000
00000000000000000000
11111111111111100000
11111000000000000100
00000000000000110000
00000000000000000000
00000000000000000000
00000000000000000000
00011111111111000000
00000000000000000000
00000000000000000000
00000000000000000000
00000000000000000000
00000000000000000000
00000000000000000000
00000000111111111111
00000000000000000000
00000000000000011111
01111111111111111100
00000000001111111111
10 8 16 17
19 18 19 6
0 0 5 1
11 15 10 17
3 12 12 15
9 15 3 3
19 16 8 18
4 2 13 13
3 0 4 0
16 5 11 7
9 18 6 6
