18 13 3353
01000100100100000
01000100000100000
01000100000100000
01000100000101000
01000100000001000
01000100000001000
01100100000001000
00100000000001000
00100000000001000
00100000000001000
00100000000001000
00100000000001000
00000000001001000
00000000001001000
00000000001001000
00000000001001000
00000000001001000
00000001001001000
000000000000000000
000000000000000000
000000100000000000
000000000000000000
000000111111100000
001000000000000000
000000000000000000
000000000000000000
000000000000000000
000000000000000000
000000000000000000
000000001110000000
011111111110000000
111111111000000000
110000000000000000
000000000000000000
000000000000000000
2 3 16 11
16 12 2 14
8 17 13 14
14 14 6 15
17 11 2 10
6 9 13 0
1 16 17 8
3 15 2 1
16 8 4 14
10 6 17 12
17 9 16 10
10 5 3 16
8 14 1 4
