15 17 821
00000000000000
00000000000000
00000000000000
00000000000000
00000000000000
00000000000000
00000000000000
00000000000000
00000000000000
00000000000000
00000000000000
00000000000000
00000000000000
00001000000000
00001000000000
000000000000000
000000000000000
000000000000000
000000000000000
000000000111111
000000000000000
000000000000000
000000000000000
000000000000000
000000000000000
000000000000000
000000000000000
000000000000000
000000000000000
6 13 4 5
8 3 1 1
12 3 1 3
14 9 7 12
1 14 13 2
12 9 14 4
3 2 9 10
5 5 6 7
3 5 5 7
9 7 13 8
0 10 12 2
9 3 1 0
2 13 3 14
6 0 4 4
7 11 2 3
8 11 10 13
13 4 8 13
