19 20 12031
000000000000001000
000000000001000000
000000000001000000
000000000000000000
000000000000000000
000000000000000000
000000000000000000
000000000000000000
000000000000000000
000000000000000000
000000000000000000
000000000000000000
000000000000000000
000000000000000000
000000000000000000
000000000000000000
000000000000000000
000000000000000000
000000000000000000
1111110000111110000
0000000000000000000
0000000000000000000
0000000000000000000
0000000000000000000
0000000000000000000
0000000000000000000
0000000111111111111
0000001111111111111
0000000000000000000
0000000000000000000
0000000000000000000
0000000000000000000
0000000000000000000
0000000000000000000
0000000000000000000
0000000000000000000
0000000000000000011
10 6 8 16
15 0 9 13
11 16 9 2
18 4 4 9
11 15 0 13
5 17 16 14
14 7 11 14
12 15 2 3
9 9 18 18
3 1 13 7
2 9 14 12
4 6 15 3
1 12 10 13
7 6 2 2
16 17 1 1
12 2 3 10
16 6 8 7
14 18 6 6
7 8 0 9
11 7 0 6
