14 12 824
0001000001000
0001000001000
0001000001000
0001000001000
0001000001000
0001000001000
0001000001000
0001000001010
0011000001010
0011000001010
0010000001010
0010000001010
0010000001010
0010000000010
00000000000000
00001111000000
00000000000000
00000000000000
00000000000000
00000000000000
00000000000000
00000000000000
00000000000000
00001100000000
00000000000000
00000000000000
00000000000000
5 11 5 13
12 8 12 11
2 8 0 3
10 10 10 0
4 5 10 5
1 12 9 11
3 6 8 9
12 12 12 13
8 3 6 1
13 6 12 5
9 4 9 12
13 0 4 0
