15 10 2462
00000000000000
00010000000000
00011000000000
10011000000100
10011000000100
10111000000100
10111000000100
10111000000100
11111000000000
11110000000000
11110000000000
11110000000000
11110000000000
11110000010000
11110000010000
111000000000000
000100000000000
000000000000000
011000000000000
000000000000000
000000000000000
000000000000000
000000000001111
000011111110000
000011111111100
000000000000000
000000000000000
000000000000000
000000000000000
1 1 0 4
14 4 13 3
12 1 5 0
13 6 14 2
14 8 11 14
2 4 4 6
5 12 11 13
8 13 11 3
3 3 12 2
3 9 0 0
