15 8 2110
00000000101000
00000000101000
00100000101000
00100000101000
00100000101000
00100000101000
00100000101000
00100000101000
00100000101000
00100000101000
00100000101000
00100000101000
00100000101000
00100000001000
00100000000000
000000000000000
000000000000111
000000000000000
000000000000000
000000000000000
000000000000000
000000000000000
000000000000000
001000000000000
000000000000000
000000000000000
000000000000000
000000000000000
000000000000000
10 8 5 11
0 10 8 9
13 4 3 10
13 3 6 1
2 6 8 7
11 4 7 1
14 7 13 13
7 12 0 2
