16 18 2519
000000000010000
000000000010000
000000100010000
000000100010000
000000100010000
000000100010000
000000100010000
000000100010000
000000100000000
000000100000000
000000100000000
000000100000000
000000100000000
000000100000000
000000100000000
000000100000000
0000000000000000
0000000000000000
0000000000000000
0000000000000000
0000000000000000
1111110000000000
0000000000000000
0000000000000000
0000000000000000
1111000000000000
0000000111111100
0000000000000000
1000000000000000
0000000000000000
0000000000000000
1 9 9 9
9 10 5 3
15 6 12 12
0 2 4 1
2 14 13 8
5 2 1 8
13 12 13 11
9 5 3 0
6 5 7 14
2 1 15 7
14 12 11 13
12 5 12 15
7 0 15 5
9 13 15 13
14 2 15 10
7 4 2 12
15 1 5 10
0 0 3 10
