20 12 7649
1000000010000000000
1000000000000000000
1000000000000000000
1000000000000000000
1000000000000000000
1000000000000000000
1000000000000000000
1000000000000000000
1000000000000000000
0000000000000000000
0000000000000000000
0000000000000000000
0000000000000000000
0000000000000000000
0000000000000000000
0000000000000000000
0000000000000000000
0000000000000000000
0000000000000000000
0000000000000000000
00000000000000000000
00000000000000000000
00000000000000000000
00000000000000000000
00000000000000000000
00000000000000000000
00000000000000000000
00000000000000000000
00000000000000000000
00000000000000000000
00000000000000000000
00000000000000000000
00000000000000000000
00000000000000000000
00000000000000000000
00000000000000000000
00000000000000000000
00000000000000000000
00000000000000000000
11 18 15 12
1 2 0 4
7 13 9 9
7 19 16 18
16 6 13 10
12 10 7 12
17 9 3 3
5 8 15 0
18 0 6 16
1 15 0 2
5 7 1 9
13 1 19 15
