17 12 2116
1000000000000001
1100000000000001
1100000000000001
1000000000000001
1000001000100001
1000001000100011
1000001000100011
1000001000100011
1000000000100011
1000000000000011
0000000000000011
0000000000000011
0000000000000011
0000000000000010
0000000000000010
0000000000000010
0000000000000010
01111111111111000
00000000000000000
00111111100000000
01111111111110000
00000000000000000
00000000000000000
00000000000000000
00000000000000000
00000000000000000
00000000000000000
11111111110000000
00000000001111100
00000000000000000
00000000000000000
00000000000000000
11110000000000000
5 13 8 0
10 2 7 10
7 15 8 11
5 16 16 14
14 11 10 13
9 3 6 1
2 1 11 16
11 13 11 15
11 11 9 12
9 0 15 14
5 10 0 8
3 10 10 5
