15 25 2352
00001000000000
00001000000000
00001000000000
00001000000000
00001000000000
00001000000000
00001000000000
00001000000000
01001100000000
01000100000000
01000100000000
01000101000000
01000101000000
01000101000000
01000101000000
000001111111110
000000000000000
000001111111000
000000000000000
000000000000000
000000000000000
000000000000000
000000000111111
000000000000000
000000000111111
000000000000000
000000001100000
000000001100000
000000000000000
3 10 5 7
12 1 14 12
10 0 3 4
10 12 4 7
11 10 5 13
1 0 5 5
9 8 14 7
5 3 4 12
9 5 3 12
3 1 11 11
4 13 0 10
7 5 1 8
0 11 3 7
1 9 2 11
6 14 9 0
2 5 8 10
2 10 1 5
12 3 2 2
11 0 10 3
0 12 6 0
5 0 9 13
10 6 9 12
6 6 7 6
8 12 6 5
7 10 8 1
