19 12 4728
110000000000000000
110000000000000000
110000000000010000
110000000000010000
010000000000010000
010000000000010000
010000000000010100
010000000000010100
010000000000010100
000000000000010100
000000000000010100
000000000000010100
000000000000010100
000000000000010100
000000000000010100
000000000000010100
000000000000010100
000000000000010100
000000000000010100
0000000000000000000
0000000000000000000
0000000000000000000
0000000000000011100
0000000000000000000
0000000000000000000
0000000000000000000
0000000000000000000
0000000000000000000
0000000000000000000
0000111111111100000
1111111111100000000
0000000000000000000
0011111111111100000
0000000000000000001
0000000000000000000
0000000000000000000
0000000000000000000
15 1 10 13
3 18 13 17
18 5 8 7
4 3 10 5
3 5 14 11
3 7 5 10
9 12 18 13
11 16 1 17
4 12 14 0
14 3 16 4
7 0 4 8
2 1 14 14
