17 14 6608
0000000000010000
0000000000010000
0000000000000000
0000000000000000
0000000000000000
0000000000000000
0000000000000000
0000000000000000
0000000000000000
0000000000000000
0000000000000000
0000000000000000
0000000000000000
0000000000000000
0000000000000000
0000000000000000
0000000000000000
00000000000000000
00000000000000000
00000000000000000
00000000000000000
00000000000000000
00000000000000000
00000000000000000
00000000000000001
00000000000000000
00000000000000000
00000000000000000
00000000000000000
00000000000000000
00000000000000111
00000000000000000
00000000000000000
16 4 11 11
14 5 1 1
2 3 2 7
7 4 6 12
3 1 9 0
3 14 4 11
15 3 16 13
4 2 0 1
8 12 5 2
4 9 13 4
8 4 3 16
9 11 15 13
9 8 7 9
14 3 4 1
