20 26 4137
0000000000000000000
0000000000000000000
0000000000000000000
0000000000000000000
0000000000000000000
0000000000000000000
0000000000000000000
0000000000000000000
0000000000000000000
0000000000000000000
0000000000000000000
0000000000000000000
0000000000000000000
0000000000000000000
0000000000000000000
0000000000000000000
0000000000000000000
0000000000000000000
0000000000000000000
0000000000000000000
00000000000000000000
00000000000000000000
00000000000000000000
00000000000000000000
00000000000000000000
00000000000000000000
00000000000000000000
00000000000000000000
00000000000000000000
00000000000000000000
00000000000000000000
00000000000000000000
00000000000000000000
00000011111111111111
00000000000000000000
00000000000000000000
11100000000000000000
11111111110000000000
00000000000000000000
15 3 10 6
4 0 0 0
5 0 15 16
12 0 13 15
17 6 12 15
16 1 10 1
19 2 11 11
1 13 0 18
1 3 6 10
10 14 15 13
13 16 8 8
14 3 3 1
2 9 8 17
1 7 11 7
16 10 18 19
18 7 17 10
13 14 14 5
7 3 6 1
17 0 11 4
4 7 1 8
12 5 5 10
19 15 10 11
4 18 11 15
15 10 9 18
9 6 16 11
19 16 10 10
