17 18 10164
0000000000000000
0000000000000000
0000000000000000
0000000000000000
1000000000000000
1000000000000000
1000000000000000
1000000000000000
1000000000000000
1000000000000000
1000000000000000
1000000000000000
1000000000000000
1000000000000000
1000000000000000
1000000000000000
0000000000000000
00000000000000000
00000000000000000
00000000000000000
11111111111110000
00000000000000000
00000000000000000
00000000000000000
00000000000000000
00000000000000000
00000000000000000
00000000000000000
00000000000000000
00000000000000000
00000000000000000
00000000000000000
00000000000000000
1 5 5 15
16 12 6 1
16 3 14 15
14 4 12 11
4 7 11 5
12 12 7 12
15 6 4 6
12 4 2 4
13 2 6 15
5 3 7 15
16 4 2 10
14 6 4 3
8 8 6 12
0 2 3 6
6 8 3 4
14 8 3 1
16 6 8 2
6 14 13 11
