19 35 3581
000000000000000000
000000000000000000
000000000000000000
000000000000000000
000000000000000000
000000000000000000
000000000000000000
000000000000000000
000000000000000000
000000000000000000
000100000000000000
000100000000000000
000100000000000000
000100000000000000
000100000000000000
000100000000000000
000100000000000000
000100000000000000
000100000000000000
0000000000000000000
0000000000000000000
0000000000000000000
0000000000000000000
0000000000000000111
0000000000000000000
0000000000000000000
0000000000000000000
0000000000000000000
0000000000000000000
0000000000000000000
0000000000000000000
0000000000000000000
0000000000000000000
0000000000000000000
0000000000000000000
0000000000000000000
0000000000000000000
5 14 2 18
18 11 18 5
2 1 3 7
9 12 1 8
6 18 12 3
7 18 13 17
14 16 5 16
14 2 12 8
11 1 13 7
4 0 13 9
0 4 2 3
11 18 15 3
16 15 15 4
8 5 3 5
16 10 9 2
15 16 14 6
1 3 10 2
16 0 11 7
0 16 9 10
7 0 18 3
8 14 12 9
17 15 4 2
10 7 3 18
8 1 10 0
15 10 9 14
0 11 17 3
1 10 1 16
5 18 4 11
4 18 9 16
6 17 18 15
18 1 16 17
13 6 6 15
17 1 11 9
12 10 1 7
8 10 3 16
