16 27 4044
000000000000001
000000000000001
000000000000001
000000000000001
000000000000001
000000000000001
000000000000000
000000000000000
000000000000000
000000000000000
000000000000000
000000000000000
000000000000000
000000011000000
000000000000000
000000000000000
0000000000000000
0011111111111110
0000000000000000
0000000000000000
1111111111111000
0000000000000000
0000000000000000
0000000000000000
0000000000000000
0000000000000011
0000000000000000
0000000000000000
0000000000000000
1111111111111100
0000000000000000
1 4 12 3
11 1 8 11
10 13 10 5
12 2 9 0
15 3 12 10
9 5 5 7
15 2 0 10
12 14 6 6
11 3 12 7
8 5 7 1
2 11 0 15
11 13 12 4
14 6 8 1
4 6 12 6
3 5 0 3
7 7 8 7
11 14 10 10
4 2 0 13
13 11 13 9
10 2 10 15
15 6 5 13
5 15 3 4
5 11 1 6
14 10 6 3
1 8 0 0
15 13 13 7
2 14 11 6
