17 9 1347
0000000000000000
0000000000000000
0000000000000000
0000000000000000
0000000000000000
0000000000000000
0000000000000000
0000000000000000
0000000000000000
0000000000000000
0000000000000000
0000000000000000
0000000000000000
0000000000010000
0000000000010000
0000000000010000
0000000000010000
00000000000000000
00000000000000000
00000000000000000
00000000000000000
00000000000000000
00000000000000000
00000000000000000
00000000000000000
00000000000000000
00000000000000000
00000000000000000
00000000000000000
00000000000000000
00000000000000000
00000000000000000
00000000000000000
7 1 0 5
8 6 3 15
11 2 0 4
9 1 2 1
11 4 4 6
3 12 3 0
2 8 11 10
6 4 8 5
6 7 0 16
