14 28 9391
0000100000000
0000100000000
0000100000000
0000100000000
0000100000000
0000100000000
0000100000000
0000000000000
0000000000000
0000000000000
0000000000000
0000000000000
0000000000000
0000000000000
00000000000000
00000011111111
00000000000000
00000000000000
00000000000000
00000000000000
00000000000000
00000000000000
00000000000000
00000000000000
11111111111100
00000000000000
00000000000000
2 9 0 2
5 2 6 13
7 7 7 4
5 4 5 5
10 12 8 13
0 5 12 13
7 8 1 6
2 3 2 1
13 5 10 1
5 1 8 11
4 6 11 10
8 7 7 0
5 3 10 13
11 7 1 3
7 2 1 1
12 4 4 5
5 0 7 13
2 8 11 1
13 8 11 2
13 9 3 7
12 3 10 0
10 2 7 9
4 0 9 5
3 8 6 9
1 12 1 10
12 9 3 12
6 1 3 2
9 10 4 11
