20 12 1177
0100100000000010000
0100100000000000000
0100100000000000000
0100100000000000000
0100100000000000000
0100100000000000000
0000100000000000000
0000000000000000000
0000000000000000000
0000000000000000000
0000000000000000000
0000000000000000000
0000000000000000000
0000000000000000000
0000000000000000000
0000000000000000000
0000000000000000000
0000000000000000000
0000000000000000000
0000000000000000000
00000000000000000000
00000000000000000000
00000000000000000000
00000000000000000000
00000000000000000000
00000000000000000000
00000000000000000000
00000000000000000000
00000000000000000000
00000000000000000000
00000000000000000000
00000000000000000000
00000000000000000000
00000000000000000000
00000000000000000000
00000000000000000000
00000000000000000000
00000000000000000000
00000000000000000000
9 13 15 7
15 18 2 8
11 5 7 2
10 11 15 19
2 7 13 17
18 1 18 14
9 1 0 5
4 14 5 7
3 13 11 6
2 16 13 6
5 17 2 19
19 1 15 8
