18 15 1802
00000000000000000
00000000000000000
00000000000000000
00000000000000000
00000010000000000
00000010000000000
00000000000000000
00000000000000000
00000000000000000
00000100000000000
00000100000000000
01000100000000000
01000100000000000
01000100000000000
01000101000000000
01000000000000000
01000000000000000
01000000000000000
000000000000000000
000000000000000000
000000000000000000
111111111110000001
000000000000000111
000000011100000000
001111111111111111
111111111000000000
000000000000000011
000000000000000000
000000000000000000
000000000000000000
000000000000000000
000000000000000000
001111111110000000
000000000000000000
000000000000000000
15 17 12 17
2 2 4 8
4 11 8 0
3 3 13 6
5 16 2 5
12 2 9 7
12 12 3 0
1 17 4 12
10 16 14 3
15 3 1 5
10 9 6 3
8 11 7 11
13 16 6 1
4 17 3 14
12 3 14 17
