19 22 1873
000000000000100000
000000000000100000
000000000000100000
000000000000100000
000000000000100000
000000000000100000
000000000000100000
000000000000100000
000000000000100000
000000000000000000
000000000000000000
000000000000000000
000000000000000000
000000000000000000
000000000000000000
000000000000000000
000000000000000000
000000000000000000
000000000000000000
0000000000000000000
0000000000000000000
1111000000000000000
0000000000000100000
0000000000000000000
0000000000000000000
0000000000000000000
0000000000000000000
0000000000000000000
0000000000000000000
0000000000000000000
0000000000000000000
0000000000000000000
0000000000000000000
0000000000000000000
1111111111111100000
0000000000000000000
0000000000000000000
18 17 4 15
4 2 11 13
1 5 9 3
7 2 8 6
12 2 11 14
13 3 5 18
8 1 12 16
14 5 7 9
2 11 18 13
17 16 16 8
3 12 15 9
1 3 12 12
10 14 2 14
8 12 1 9
10 3 0 11
6 6 6 7
10 7 10 16
17 3 2 9
3 8 14 16
11 9 7 18
2 7 11 6
8 14 7 12
