13 19 3115
000000000000
000000000000
000000000000
000000000000
000000000000
000000000000
000000000000
000000000000
000000000001
000000000001
000000000000
000000000000
000000000000
0000000000000
0000000000000
0000000000000
0000000000000
0000000000000
0000000000000
0000000000000
0000000000000
0000000000000
0000000000011
0000000000000
0000000000000
6 2 12 7
6 9 6 11
5 10 10 8
10 1 10 6
5 3 10 10
4 9 12 5
12 1 2 8
7 12 1 12
5 7 9 2
2 6 4 8
3 11 12 3
5 0 4 10
7 11 8 2
11 9 12 2
0 12 3 8
0 5 3 1
9 7 0 9
7 1 0 1
11 0 10 12
