20 38 21410
0000000000000000000
0000000000000000000
0000000000000000000
0000000000000000000
0000000000000000000
0000000000000000000
0000000000000000000
0000000000100000000
0000000000100000000
0000000000100000000
0000000000100000000
0000000000000000000
0000000000000000000
0000000000000000000
0000000000000000000
0000000000000000000
0000000000000000000
0000000000000000000
0000000000000000000
0000000000000000000
00000000000000000000
00000000000000000000
00111111111111111111
00000000000000000000
00000000000000000000
11111111000000000000
00000001111111111111
00000000000000000000
00000000000000000000
00000000000000000000
00000000000000000000
00000000000000000000
00000000000000000000
00000000000000000000
00000000000000000000
00000000000000000000
00000000000000000000
00000000000000000000
00000000000000000000
4 18 15 16
11 18 9 19
3 16 10 18
16 0 4 14
8 3 13 18
5 1 9 5
14 18 0 13
17 16 0 9
9 1 3 18
2 11 10 15
1 7 4 17
1 0 7 13
10 1 16 5
18 0 10 17
10 11 4 16
18 3 4 7
3 3 12 6
9 16 14 1
16 7 8 4
8 15 18 15
9 4 0 0
8 14 8 17
10 3 18 13
15 17 14 7
3 9 7 8
9 7 15 12
14 4 10 7
13 16 7 9
5 3 12 15
17 17 17 19
2 10 4 19
3 10 15 9
7 19 14 17
11 19 5 12
7 1 2 13
15 7 18 16
12 2 15 3
15 10 14 8
