18 19 11759
00000000000110000
00000000000110000
00000000000110000
00000000000110000
00000000000110000
00000000000110000
00000000000100000
00000000000100000
00000000000100000
00000000000100000
00000000000100000
00000000000100000
00000000000100000
00000000000100000
00000100000100000
00000100000000000
00000100000000000
00000100000000000
000000000000000000
000000000000000000
000000000000000000
000000000000000000
000000000000000000
000000000000000000
000000000000000000
000000000000000000
000000000000000000
000000000000000000
000000000000000000
000000000000000000
000000000000000000
000000000000000000
000000000000000000
000000000000000000
000000000000000000
14 6 5 11
4 16 6 11
16 3 3 11
11 7 1 16
14 16 0 11
11 16 11 15
4 7 16 15
4 11 11 12
11 5 10 0
2 15 16 8
4 10 10 7
14 5 13 17
2 8 9 2
3 16 15 17
12 1 7 3
7 12 11 14
6 16 6 2
15 12 7 4
14 13 0 2
