15 11 931
00000000000000
00010000000000
00010000000000
00010000000100
00010000000100
00010000001100
00010000001000
00110000001000
00110000001000
00110000001100
00110000001000
00110000001000
10110000001000
10110000000000
10110000000000
000000000000000
000000000000000
000000001111111
000000000000000
000011100000000
000000000000000
000000000000000
000000000000000
000000000000111
000000000000000
000000000000000
000000000000000
000000000001111
000000000000000
3 8 6 3
6 6 10 6
14 0 8 10
14 1 12 0
14 12 4 7
12 9 3 13
1 2 13 14
0 5 14 14
2 9 0 0
0 1 4 2
12 12 1 11
