20 22 11416
0000000000000000000
0000000000000000000
0000000000000000000
0000000000000000000
0000000000000000000
0100000000000000010
0100000000000000010
0100000000000000010
0100000000000000010
0100000000000000010
0100000000000000010
0100000000000001010
0100000000000001010
0100000000000001010
0100000000000001010
0100000000000001010
0100000000000001010
0100000000000001000
0100000000000101000
0100000000000101000
11111111111110000000
00000000000000000000
00000000000000000000
10000000000000000000
00000000000000000011
00000000000000000000
00000000000000000000
00000000000000000000
00000000000000000000
00000000000000011100
00000000000000000000
00001111111111110000
00000000000111110000
00000000000000000000
00000000000000000000
00000000000000000000
00000000000000000000
00000000000000000000
00111110000000000000
0 19 8 11
10 13 12 8
9 2 1 1
6 16 4 2
0 17 14 13
9 5 1 15
9 15 16 4
6 12 8 2
6 11 16 11
3 11 10 7
16 13 1 16
7 16 4 15
13 1 16 12
6 13 5 0
8 0 3 9
7 18 3 6
0 0 4 8
13 3 19 0
1 3 12 13
10 8 10 14
8 10 0 12
12 2 7 5
