19 20 3089
000000001100000010
100000001100000010
100000001100000010
100000001000000010
000000001000000010
000000001000000010
000000001000000010
000000001000000000
000000001000000000
000000001000000000
000000011000000001
010000011000000001
010001001000000001
010001101000000001
010001101000000001
010001100000000001
010000100000000001
010000100000000001
010000100010000001
1111110000000000000
0000000000000000000
0000000000000000000
0000000000000000000
0000000000000000010
0000000000000000000
0000000000000000000
0000000000000000000
0000000110000000000
0000000000000000000
0000000000000000000
1000011110000000000
0000000000000000000
0000000000000000000
0000000000000000000
0000000000000000000
0000000000000000000
0000000000000000000
2 10 15 7
12 16 16 3
0 6 17 2
7 4 3 18
4 13 0 16
15 3 11 16
5 0 6 15
8 17 10 7
6 17 10 6
13 0 4 14
11 6 10 15
4 17 15 4
12 9 6 11
2 4 15 14
9 18 5 3
18 14 7 1
6 14 6 0
17 9 1 13
2 8 6 1
2 0 12 11
