19 27 5600
000000000000110010
000000000000110010
000000000000110010
000000000000110010
000001000000110010
000001000000110010
000001000000110010
000001000000110010
000001000000100000
000001000000100000
001001000000100000
001001000000100000
001011000000000000
001011000000000000
001011000000000000
001011000000000000
000010000000000000
000010000000000010
000000000000000010
0000000000000000000
1110000000000000000
1111000000000000000
0000000000000000000
0000000000000000000
0000000000000000000
0000000000000000000
0000000000000000000
0000000000000000000
0000000000000000000
0000001000000000000
0000000000000000000
0000000000000000000
0000000000000000000
0000000000000000000
1111111111111111110
0000000000000000000
0000000000000000000
9 3 17 14
10 15 12 10
0 2 16 17
18 16 13 6
11 6 17 8
5 5 9 16
4 4 5 2
15 17 13 10
5 8 9 17
2 8 0 5
7 15 10 7
3 8 2 15
18 17 1 12
14 14 4 6
14 7 17 15
1 2 6 15
0 8 5 1
7 6 13 2
9 5 10 16
14 11 14 3
15 2 7 13
0 18 12 17
7 14 12 12
4 11 14 0
10 0 11 5
6 13 6 1
14 10 8 18
