14 17 4176
0000000000000
0010000010000
0010000010000
0000000010000
0000000010000
0000000010000
0000000010000
0000000010000
0000000010000
0000000010000
0000000010000
0000000010000
0000000010000
0000000010000
11111111000000
00000000000000
00000000000000
00000000000000
00011111100000
01111111100000
10000000000000
00000000000001
00000000000000
00000000000000
00000000000000
00000000000000
00000000000001
5 5 0 3
5 6 12 4
0 8 4 8
11 9 3 8
7 2 12 1
7 1 3 9
8 7 6 7
13 2 4 5
8 11 1 1
10 11 7 3
1 5 11 1
11 6 0 11
11 7 9 6
0 12 4 2
5 9 7 0
6 10 7 13
0 10 2 11
