20 12 1352
0000000010000001000
0000000010000001000
0000000010000000000
0000000010000000000
0000000010000000000
0000000000000000000
0000000000000000000
0000000000001000000
0000000000001000000
0000000000001000000
0000000000000000000
0000000000000000000
0000000000000000000
0000000000000000000
0000000000000000000
0000000000100000000
0000000000100000000
0000000000100000000
0000000000100000000
0000000000100000000
00000000000000000000
00000000000000000000
00000000000000000000
00000000000000000000
00000000000000000000
11111111111111110000
11111111111111110000
00000000000000000000
11100000000000000000
00000000000000000000
00000000000000000000
00000000000000000000
00000000000000000000
00000000000000000000
00000000000000000000
00000000000000000000
00000000000000000000
00000000000111111000
00000000000000000000
12 8 1 3
8 6 17 16
12 7 14 9
4 12 11 8
3 4 2 17
13 7 13 13
2 11 10 18
11 11 2 15
17 10 18 18
3 9 6 16
10 12 15 19
14 19 17 7
