17 16 1746
0100000000001000
0100000000001000
0100000000001000
0100000000001000
0100000000001000
0000000000000000
0000000000000000
0000000000000000
0000000000000000
0010000000000000
0010000000000000
0010000000000000
0010000000000000
0010000000000000
0010000000000001
0010000000000001
0010000000000001
00000000000000000
00000000000000000
00000000000000000
00000000000000000
00000000000000000
00000000000000000
00000000000000000
00000000000000000
00000000000000000
00000000000000000
00000000000000000
00000000000000000
10000000000000000
00000000000000000
00000000000000000
00000000000000000
6 0 9 10
16 14 15 14
8 12 14 3
3 11 14 5
16 2 9 4
16 13 14 0
6 4 13 9
12 8 11 8
13 6 10 10
1 14 1 16
0 0 0 12
15 1 1 6
10 3 8 10
9 1 11 3
1 3 4 15
3 3 8 13
