17 22 3761
1000000000000000
1000000000000000
1000000000000000
1000000000000000
1000000000000000
1000000000000000
1000000000000000
1000000000000000
1001000000000000
1001000000000000
0001000000000000
0001000000000000
0001000000000000
0001000000000000
0001000000000000
0001000000000000
0001000000000000
00000000000000000
00000000000000000
00000000000000000
00000000000000000
00000000000000000
00000000000000000
00000000000000000
00000000000000000
00000000000000000
00000000000000000
00000000000000001
00000000000000000
00000000000000000
00000000000000000
00000000000000000
00000000000000000
12 4 5 4
5 6 5 16
7 7 7 11
15 8 15 9
9 0 14 12
0 0 12 12
14 5 16 8
3 7 10 14
11 16 12 15
1 0 15 2
2 4 10 0
1 13 2 13
4 12 12 13
9 13 6 15
13 4 10 12
8 6 1 15
10 6 4 4
6 2 13 2
1 5 14 15
16 6 6 12
3 2 5 8
2 9 13 6
