20 15 8022
0000000000000000100
0000000000000000100
0000000000000000100
0001000000000000000
0001000000000000000
0001000000000000000
1000000000000000000
1000000000000000000
1000000000000000000
1000000000000000000
1000000000000001000
1000000000000001000
1000000000000001000
1000000000000001000
1100000010000000000
0100000000000000000
0100000000000000000
0100000000000000000
0100000000000000000
0100000000000000000
00000000000000000000
00000000000000000000
00000000000000000000
00000000000000000000
00000000000000000000
11111111111000000000
00000000000000000000
01111110000000000000
00000000000000000000
00000000000000000000
01111111111100000000
00000000000000000000
00000000000000000000
00000011111111111111
00011111100001111111
00000111111111111111
00000000000000001111
00000000000000000000
00000000000000000000
1 16 2 0
6 17 2 17
18 0 4 16
16 3 6 19
10 2 17 6
4 13 15 0
16 4 5 0
11 5 13 6
18 17 8 15
6 12 5 3
3 11 9 11
15 1 16 9
0 5 15 6
2 9 7 3
13 10 1 8
