18 27 16012
00000000000000010
00000000000000000
00000000000001000
00000000000001000
00000000000000000
00000001000000000
00000001000000000
00000001000000000
00000001000000000
00000000000000000
00000000000000000
00000000010000000
00000000010000000
00000000010000000
00000000000000000
00000000000000001
00000000000000001
00000000000000001
111111110000000000
000000000001111111
000000000000000000
000000000000000000
111111111111111100
000000000000000000
000000000000000000
000000000000000000
000000001111000000
000000011111111111
011111111111111111
000000000000000000
000000000000000000
000000000000000000
000000000000000000
111111111111111000
000000000000000000
0 5 2 9
12 8 13 5
14 16 9 1
7 13 4 13
14 11 17 16
14 9 11 3
17 17 6 2
9 0 0 11
8 5 14 5
16 17 9 3
15 11 5 17
3 6 1 0
1 9 9 5
8 10 3 4
15 12 4 0
15 14 6 15
15 5 17 13
10 12 11 15
4 12 13 11
10 9 17 5
8 0 17 14
12 3 16 7
8 17 2 1
2 4 11 2
11 4 5 9
3 12 15 0
14 4 16 10
