17 28 3934
0000100001110010
0000100001110010
0000100001110010
0000110001110010
0000010001010010
0000010001010010
0000010000010000
0000010000010000
0000010000010000
0000010000010000
0000010000010000
0000010000010000
0000010000000000
0000010000000000
0000010000000000
0000010000000000
0000000000000000
00000000000000000
00000000000000000
00000000000000001
00000000000000000
00000000000000000
00000000000000000
00000000000000000
00000000000000000
00000000000000000
11100000000000000
11110000000000000
00000000000000000
00000000000000000
00000000000000000
00000000000000000
11111110000000000
14 11 8 8
3 6 3 11
9 9 8 7
3 10 4 4
3 16 12 10
15 12 14 7
2 9 0 6
0 12 11 11
2 6 3 4
16 0 11 13
3 14 9 15
3 7 1 6
5 8 7 12
5 1 0 3
9 10 13 16
1 5 16 7
2 0 10 5
16 5 14 8
7 14 6 0
13 8 16 3
0 16 13 12
4 6 13 1
15 14 6 4
0 15 3 1
7 8 13 7
6 2 13 2
10 2 6 9
15 5 4 11
