19 19 2798
000000000000000000
000000000000000000
000000000000000000
000010000000001001
000010000001001001
000010000001001001
000010000001001000
000000000001001000
000000000101001000
000000000101001000
100000000101001000
100000000101001000
000000000101001000
000000000101001000
000000000101001000
000011010001001000
000001010001001000
000000010001001000
000000000001000000
0011111111111111111
0000000000000000000
0111111111111111111
0000011111000000000
1000000000000000000
0000000000000000000
0000000000000000000
0000000000000000000
0000000000000000000
1111111100000000000
0000000000000000000
0000000000000000000
0000000000000000000
1111110000000000000
0000111111110000000
0000000000000000000
0000000000000000000
0000000011000000000
18 7 16 0
13 5 17 16
9 10 15 6
5 16 1 10
13 4 10 0
8 15 15 16
17 2 4 16
10 15 0 3
14 9 12 3
3 18 5 9
2 3 9 3
6 10 1 13
17 15 10 11
3 0 8 14
7 17 4 12
8 18 8 3
16 6 0 5
8 11 17 9
15 13 14 5
