15 11 1022
00000000100100
00000000100100
00000000100100
00100000100100
00100000100000
00100000000000
00110000000000
00110000000000
00110000000000
00110000000000
00110000000000
00110100000000
00100100000000
00100100000000
00100100100000
000000000000000
000000000000000
000000000000000
000000000000000
000000000000000
000111000000000
000000000000000
000000000111111
000000000000000
000000000000000
000000000000000
000000000000000
000000000000000
000000000011111
2 5 2 12
7 5 4 8
5 6 13 5
6 10 9 13
11 2 13 13
10 14 9 4
2 7 12 12
12 9 14 3
5 13 3 13
1 14 9 8
1 9 2 1
