15 9 3590
00010000000000
00010001010100
00010001000100
00010001000100
00010001000100
00010001000110
00000001100110
00000000100010
00000000100010
00000000100010
00000000100011
00000000100011
00000000100011
00000000100011
00000000000001
000011111111100
000000000000000
000000000000000
000000000000000
000000000000000
000000000000000
000111110000000
100000000000000
000000000000000
000000000000000
000000000000000
000000000000000
000000000000000
000000001111110
10 10 0 1
9 11 2 12
14 13 11 5
2 10 12 0
4 12 10 5
1 9 12 1
4 9 2 13
4 1 8 6
13 5 5 7
