16 14 810
001000100000000
001000100000000
001000100000000
000000100000000
000000100000000
000000000000000
000000000000000
000001000000000
000001000000000
000001000000000
000001000010000
000000000000000
000000000000000
000000000000000
000000000000000
000000000000000
0000000000000000
0000000000000000
0000000000000000
1111000000000000
1100000000000000
0000000000000000
0000000011111111
0000000000000000
0000000000000000
0000000111111111
1111111100000000
0000000000000000
1111110000000000
0000000000000000
0000000000000000
7 12 14 8
11 4 0 5
10 6 13 9
15 6 2 14
5 12 2 10
2 7 7 3
1 13 7 7
6 11 2 11
10 2 9 4
1 1 3 14
11 0 10 9
0 3 0 11
10 5 4 2
5 7 12 15
