20 16 7026
0000001000000000001
0000001000000000001
0000001000000000001
0000001000000000001
0000001000000000001
0000001000000000001
0000001000000000001
0000000000000000001
0000000000000000001
0000000000000000001
0000000000000000011
0000000000000000011
0000000000000000011
0000000000000000011
0000000000000000011
0000000101000000011
0000000101000001010
0000000101000001010
0000000101000001010
0000000101000001010
00000000000000000000
00000000000000000000
00000000000000000000
00000000000000000000
00000001110000000000
00000000000000000000
00000000000000000000
00000000000000000000
00000000000000000000
00000000000000000000
00000000000000000000
11111111110000000000
00000000000000000000
00000000000000000000
00000000000000011100
00000000000000000000
00000000000000000000
00000000000000000000
00000000001100000000
6 8 7 6
6 9 16 2
9 9 15 7
18 11 2 17
19 13 4 17
10 10 4 18
8 14 18 14
19 2 8 11
6 15 8 19
9 13 1 0
18 4 14 13
8 10 6 18
0 6 5 18
8 9 14 6
0 1 16 6
3 19 15 5
