14 25 4114
0000010100000
0000010100000
0000010100000
0000010100000
0000010100000
0000010100000
0000010100000
0000010000000
0000000000000
0000000000000
0000000000000
0000000000000
0000000000000
0000000000000
00000000000000
00000000000000
00000000000000
00000000000000
00000000000000
00000000000000
00000000000000
00000000000000
00000000000000
00000000000000
00000000000000
00000000000000
00000000000000
9 0 0 6
10 0 3 4
7 8 8 2
9 5 5 2
10 5 11 0
12 1 6 10
12 0 2 10
9 4 4 12
3 13 4 11
9 9 12 9
7 12 4 4
1 1 9 6
4 0 4 1
1 5 6 13
13 8 0 12
0 0 5 8
10 9 13 9
13 1 5 7
6 11 13 0
13 12 0 8
8 9 4 6
2 5 7 9
2 6 3 11
8 12 3 9
1 9 4 9
