15 23 2875
00000000000000
00000000000000
00000000000000
00000000000000
00000000000000
00000000000000
00000000000000
00000000000000
00001000000000
00001000000000
00001000000000
00001000000000
00001000000100
00001000000100
00001000000100
111111111111000
000000000000000
000000000000000
111111111100000
000000000000000
000000000001111
000000000000000
000000000000000
000000000000000
000000000000000
000000000000000
011110000000000
000010000000011
000000000000000
0 3 9 6
9 10 14 7
10 2 11 12
9 14 0 7
14 14 4 5
3 7 5 2
1 4 8 11
13 3 6 3
13 9 6 6
10 7 13 4
6 8 4 4
12 3 2 12
1 12 5 7
7 4 12 9
13 0 13 8
10 13 7 3
4 8 9 12
0 6 12 5
8 7 5 9
3 1 10 10
3 6 1 6
8 3 8 8
3 13 7 2
