15 17 6631
00000000000000
00000000000000
00000000000000
00000000000000
01000000000000
01000000000000
01000000000000
01000000000000
01000000000000
01000000000000
00000000000000
00000000010000
00000000010001
00000000010001
00000000010001
000000000000000
000000000000000
000000000000000
111111111100000
000000001111111
000000000000000
000000000000001
000000000000000
000000000000000
000000000000000
000000000000111
000000000000000
000000000000000
000000000000000
6 1 0 6
2 11 1 11
4 8 1 6
14 12 14 11
6 10 8 0
12 12 1 12
11 13 10 10
7 13 2 14
6 11 10 11
6 7 9 5
7 2 9 6
1 8 11 6
4 3 3 14
1 7 14 9
12 9 13 11
8 10 3 4
7 3 10 3
