17 12 1254
0000000000000100
0000000000000100
0000010100000100
0000010100000100
0000010100000100
0000010100000000
0000110100001000
0000110100001000
0000110100001000
1000010100001000
1000010100001000
1000010101001000
1000010101001000
1000010101001000
1000010101001000
0000010101001000
0000010101001000
00000000000000000
00000000000000000
00000000000000000
00000000000000000
00000000000000000
01111100000000000
00000000000000000
00000000000000000
00000000000000000
00000000000000000
00000000000000000
00000000000000000
00000000000000000
00000000000000000
11110000100000000
00000000000000000
16 9 6 10
6 12 14 7
7 3 9 15
4 14 5 13
2 5 3 12
6 3 11 9
11 2 4 12
10 8 7 8
16 6 8 8
3 11 0 14
2 6 14 8
10 13 11 14
