18 22 4269
00000000000000000
00000000000000000
00000000001010000
00000000001010000
00000000001010000
00000000001010000
00000000001000000
00000000001000000
00000000001000000
00000000001000010
00000000001000010
00000000001000010
00000000001000010
00000000000000010
00000000000000010
00000010000000010
00000000000000010
00000000000000000
111111111111000000
111111111111110000
111100000000000000
000000000000000000
000000000000000000
111110000000000000
000000000000000000
000000000000000000
000000000000000000
000000000000000000
000000000000000000
000000000000000000
000000000000000000
000000111111111100
000000000000000000
000111111111111111
000000000000000000
17 1 12 0
5 11 7 4
17 2 11 5
17 6 9 2
16 12 13 13
1 13 11 17
4 11 9 12
5 14 8 16
8 12 3 14
1 16 13 10
11 4 7 12
17 13 4 9
5 4 15 6
6 17 16 15
7 14 2 17
11 14 1 9
17 14 10 4
13 2 16 14
13 9 14 3
3 11 10 2
15 7 3 10
16 7 8 2
