15 10 1156
00000000000000
00000000000000
00000000000000
00000000000001
00000000000001
00000000000001
00000000000001
00000000000001
00000000000001
00000000000000
00000000000000
00000000000000
00000000000000
00000000000000
00000000000000
111111111000000
111110000000000
000000000000000
000000000000000
000000000000000
000000000000000
000000000000000
000000000000000
000011111111111
000000000000000
000000000000000
000000000000000
000111111111111
000000000000000
7 11 8 3
13 5 5 1
3 3 5 7
12 10 14 8
6 0 0 12
7 14 6 6
10 1 0 8
13 13 0 2
3 4 14 14
1 8 2 11
