13 19 839
010001000000
010001000000
010001000000
000001000000
000001000000
000001000000
000000000000
000000000000
000000000000
000000000000
000000000000
000000000000
000000000000
0000000000000
0000000000000
0000000000000
0000000000000
0000000000000
0000000000000
0000000000000
0000000000000
0000000000000
0000000000000
0000000000000
0000000000000
10 8 5 4
4 1 7 2
1 11 10 11
2 2 8 2
0 4 3 9
3 12 0 7
10 1 0 0
12 1 12 0
7 4 5 1
5 0 5 7
7 8 1 12
9 9 4 8
6 9 7 12
10 3 10 5
12 12 6 3
9 4 6 10
3 1 2 9
3 5 0 12
11 7 11 9
