18 9 1790
00000001100000000
00000000100000000
10000000000000000
10000000000000000
10000000000000000
10000000000000000
00000000000000000
00000000100010000
00000000100010000
00000000100010000
00000000100010101
00000000100010101
10000000100011101
00000000000011100
00000000000011000
00000000000011000
00000000010011000
00000000010011000
000000000000000000
100000000000000001
000000000000000111
000000000000000000
000000000000000000
000000000000000000
000000000000000000
000000000000000000
000000000000000000
000000000000001111
000000000000000000
000000000000000000
011111111111100000
000000000000000000
000000000000000000
011111111100000000
000000000000000000
14 5 11 13
1 2 15 5
7 3 1 13
7 10 4 4
15 4 14 6
15 3 16 15
6 11 1 8
12 7 11 6
12 6 14 9
