19 23 2728
000001000100000001
000001000100000001
000001000100000001
000001000000000001
000001000000000000
000000000100000000
000100000010000000
000100000010000000
000010000010000000
000010000010000000
000010000010000000
000010000010000000
000010000010000000
000010000010000000
000000000010000001
000000000010001001
000000000000001001
000000000000001001
000000000000000001
1111100000000000000
0000000000000000000
0000000000000000000
0000000000000000000
0000000000000111111
0000111111111111111
0000000000000000000
0000011100000000000
0000000000000000011
0000000000000000111
0000000000000000000
0000000000000000000
0000000000000000000
0111111111100000000
0000000000000000000
0000000000000000000
0000000000000000000
1111000011111111110
10 9 10 2
16 13 5 1
9 2 12 17
13 9 9 0
3 13 5 7
9 5 9 6
11 13 13 15
13 10 10 17
11 3 9 15
9 4 10 18
4 4 8 18
6 4 17 7
18 12 3 10
10 13 3 17
6 17 1 10
14 9 16 5
12 8 11 9
12 3 15 16
6 9 11 7
2 4 18 16
17 11 10 1
14 5 8 10
0 17 14 3
