18 19 1681
00010000000000000
00010000000000000
00000000000000000
00000000000000000
00000000000000000
00000000000010000
00000000000010000
00000000000010000
00010000000010000
00010000000010000
00010000000010000
00010000000010000
00000000000010000
00000000000010100
01000000000010100
01000000000010100
01000000000010100
01000000000000100
000000000000000000
000000000000000000
000000000000000000
111111111111111100
000000000000000000
110000000000000000
000000000000000000
111111111000000000
000000000000000000
000000000000011100
000000000000000000
000000000000000000
000000000000000000
100000000000000000
000000000000000000
000000000000000000
000000000000111000
1 0 16 17
4 5 17 8
10 14 3 17
12 3 8 17
17 9 11 10
7 6 12 10
5 13 14 12
11 0 7 8
16 9 6 5
2 17 10 13
7 14 15 5
16 0 17 2
17 15 10 9
0 1 8 12
17 5 9 7
17 16 17 17
5 4 3 0
7 2 10 4
8 1 12 12
