17 14 5062
1000010000000000
1000010000000000
1000010000000000
1000010000000000
1000010000000000
1000010000000000
1100010000000000
1100010000000000
0100010000000000
0100010000000000
0100010000000000
0100010000000000
0100000000001001
0100000010000001
0100000010000001
0100000010000001
0100000010000001
00000000000000000
00000000000000000
00000000000000000
00000000000000000
00000000000000000
00000000000000000
00000000000000000
00000000000000000
00000000000000000
00000000000000000
00000000000000000
00000000000000000
00000000011111000
00000000000000000
00000000000000000
00000000000000000
16 12 10 3
6 8 14 15
10 8 5 2
7 16 12 16
6 1 0 4
12 5 16 15
14 2 1 12
14 11 2 5
11 13 8 15
16 2 12 15
1 1 11 16
8 12 15 0
13 0 4 14
1 16 6 5
