18 10 1670
00000000000000000
00000000000000001
00000000000000001
00000000000000001
00000000000000001
00000000000000001
00000000000000011
00000000000000011
00000000000000011
01000010000000011
01000010000000011
00100010000000011
00100000000000011
00100000000000011
00100000000000011
00000000000000011
00000000000000011
00000000000000011
000000000000000000
111111111111000000
111111110001111110
000000000000111110
110000000000000000
111111111111100000
111111100000000000
111111111111110000
111111111110000000
000000000000000000
000000000000000000
000000000000000000
000000000000000000
000000000000000000
111100000000000000
000000000000000000
000000000000000000
0 12 13 8
17 9 5 5
11 7 10 10
13 16 2 13
11 9 8 15
5 12 2 9
10 12 17 14
1 15 12 7
5 7 17 13
2 14 13 11
