14 17 4081
0000000000000
0010000000010
0010000000010
0110000000010
0110000000010
0110000000010
0110000000000
0110000000000
0110000000000
0110000000000
0110000000000
0110000000000
0110000000000
0100000000000
11111111110000
00000000000000
00000000000000
00000000000000
00000000000000
00000000111111
00000000000000
00000000000000
00000000000000
00000000000000
00000000000000
00000000000000
00000000000000
1 11 7 7
10 10 0 4
7 8 10 9
1 12 6 10
0 1 12 5
6 13 4 9
12 3 9 13
13 7 11 4
3 4 6 11
13 2 8 11
10 3 10 11
1 0 12 11
11 3 7 3
13 3 7 1
8 0 0 0
0 7 13 9
13 1 6 3
