13 18 5173
000010011000
000010011000
000010011000
000010011000
000000011000
000000011000
000000011000
000010011000
000010011000
000010011000
010010001000
010010000000
010010000000
0000000000000
0000000000000
0000000001000
0000000000000
0000000000011
1100000000000
0000000000000
0000000000000
0000000000000
0000000000000
0000000000000
0000000000000
10 11 4 4
6 9 4 10
2 0 4 9
3 12 1 5
10 6 4 3
9 2 11 1
0 6 5 12
3 7 9 10
7 7 5 4
2 10 8 6
11 11 10 1
2 7 6 10
7 12 2 11
11 6 2 2
8 11 11 8
2 6 3 0
6 6 7 5
4 0 0 12
