15 14 4462
00000000000000
00000000000000
00000000000000
00000000100000
00000000100000
00000000100000
00000000100000
00000000100000
00000000100000
00000000100000
00000000100000
00000000100000
00000000100000
00000000100000
00000000100000
000000000000000
000000000000000
000000000000000
000000000000000
000000000000000
000000000000000
000000000000000
000000000000000
000000000000000
000000000000000
000000000000000
000000000000000
000000000000000
000000000000000
14 1 4 11
7 1 6 3
11 9 4 6
5 3 14 14
5 6 7 4
0 5 6 5
7 9 5 1
13 2 14 12
7 7 9 13
1 1 8 11
11 13 12 2
1 2 0 10
12 7 2 2
13 0 13 14
