15 24 2949
00000000000000
10000110000000
10000111000000
10000111000000
10000111000000
10000111000000
10000110000000
00000010000000
01000010000000
01000010000000
01000010000010
01000010000010
01000010000010
01000000000011
00000000000001
011111111111111
000000010000001
000000000000000
000000000000000
000000000000000
000000000000000
000000000000000
000000011111100
000000011100000
000000000000000
000000100000000
000000000000000
000000000000000
111111111111100
4 4 14 4
10 8 7 12
1 14 4 14
10 10 11 9
6 6 0 6
2 7 3 4
3 14 9 6
2 12 10 1
14 10 5 5
9 12 9 13
3 0 1 6
2 3 11 3
10 7 0 7
8 10 11 2
10 13 11 12
12 3 12 13
0 14 12 6
14 13 0 8
1 12 1 4
2 8 4 12
7 1 4 7
9 3 9 10
14 2 9 14
13 6 1 10
