15 19 2861
00000011010000
00000011010000
00000011010000
00000011010010
00000001010010
00000001010010
01000001010010
01000001010010
01000001010010
01000001010010
01000000000010
01000000000010
01000001000000
01000001000000
00000001000000
000000000000000
000000000000000
110000000000000
000000000000000
000000000000000
000000000000000
000000000000000
001000000000000
000000000000000
000000000000000
001111111110000
000000000111111
000000000000000
111111100000000
7 7 7 8
14 5 6 14
13 7 3 8
2 7 1 9
13 0 5 2
0 13 11 8
12 5 14 9
8 6 3 12
9 10 11 12
11 5 12 6
12 11 4 10
1 0 0 9
13 3 7 14
11 4 11 13
12 1 7 5
3 10 2 4
1 13 7 6
9 0 14 2
13 11 10 13
