19 33 7773
010000000001000000
011100000001000000
011100000001000000
011100000001000000
011100000001000000
011100000001000000
011100000001000000
011100000001000000
001100000001000000
001100000000000000
000000000000000000
000000000000000000
000000000000000000
010010000000000000
010010000000000000
010010000000000000
010110000000000000
000110000000000000
000100001000000000
0000000011110000000
0000000000000000000
0000000000000000000
0000000000000000000
0000000000000000000
0000000000000000000
0000000000000000000
0000000000000000000
0000000000000000000
0011111111111111111
0000000000000000000
0000000000000000000
1111111111111111100
0000000000000000000
0000000000000000000
0000000000000000000
0000000000000000000
0000000000000000000
3 6 5 0
18 2 14 11
0 17 7 0
5 8 17 1
18 4 14 8
18 16 8 11
12 18 3 15
15 6 11 2
6 9 15 7
9 10 1 17
7 5 2 6
11 17 13 9
4 14 3 9
3 5 11 3
18 17 9 17
9 2 14 7
5 3 15 10
4 12 0 3
13 12 10 11
9 16 12 5
11 1 17 8
14 4 14 0
11 9 17 16
17 10 15 1
17 15 11 10
3 1 10 13
1 15 12 0
6 12 9 1
0 2 18 14
8 14 15 3
5 13 16 3
12 3 1 8
12 13 18 10
