20 22 8384
1000000000000100000
1000000000000100000
1000000000000100000
1000000000000100000
1000000000000100000
1000000000000100000
1000000000000000000
1000000000000000000
1000000010000000000
1000000000010000000
1000000000010000000
1000000000010000000
1000000000010000000
1000000000010000000
1001000000010000000
0001000000000000000
0000000000000000000
0000000000000000000
0000000000000000000
0000000000000000000
00000000000000000000
00000000000000000000
00000000000000000000
00000000000000000000
00000000000000000000
00000000000000000000
00000000000000000000
00000000000000000000
01111111111111110000
00000000000000000000
00000000000000000000
01111111111000000000
00000000000000011111
00000000000000000000
00000000000011110000
11111111111111110000
00000000000000000000
00000000000000000000
00000000000000000000
19 8 18 5
9 14 12 4
18 1 9 13
19 2 7 13
0 7 6 13
5 12 7 3
14 3 11 0
17 7 18 16
11 12 13 15
9 3 11 16
2 11 12 1
18 2 6 4
16 9 5 9
14 10 2 9
6 8 5 14
16 15 17 15
2 10 1 2
5 17 18 6
8 13 0 1
7 12 8 5
11 17 9 4
12 16 14 19
