19 11 7528
000000000000000000
000000000000000000
000000000000000000
000000000000000000
000000000000000000
000000000000000000
000000000000000000
000000000000000000
000000000000000000
000000000000000000
000000000000000000
001000000000000000
001000000000000000
001000000000000000
001000000000000000
001000000000000000
001000000000000000
001000000000000000
001000000000000000
0000000000000000000
0000000000000000000
0000000000000000000
0000000000000000000
0000000000000000000
0000000000000000000
0000000000000000000
1111111000000000000
0000000000000000000
0000000000000000000
0000000000000000000
0000000000000000000
0000000000000000000
0000000000000000000
0000000000000000000
0000000000000000000
0000000000000000000
0000000000000000000
4 3 11 9
4 7 16 12
9 4 8 14
15 8 14 1
6 4 3 17
3 10 14 3
1 1 0 18
9 8 10 8
11 5 4 5
15 9 2 10
1 5 1 7
