14 17 2379
0100000000000
0100000000000
0100000000000
1000000000000
1000000000000
1000000000000
1000000000010
1000000000010
1000000000010
1000000000000
1000000000000
1000000000000
1000000000000
1000001000000
00111111100000
00000000000000
00000000000011
00000000000000
00000000000000
00000000000000
00000000000000
00000000000000
00000000111111
00111111111111
00000000000000
00000000000000
00000000000000
13 8 2 12
6 11 5 11
5 12 3 3
0 9 4 12
8 5 6 13
8 10 11 12
5 3 2 13
12 4 13 0
10 0 7 9
5 9 6 12
0 10 6 3
3 12 2 5
8 11 10 9
9 11 4 13
8 6 13 11
11 11 4 3
11 2 12 7
