16 18 7101
010000000000000
000000000000000
010000000000000
010000000010000
010000000010000
010000000010000
010000000010000
010000000010000
010000000010000
010000000000000
010000000000000
010000000000000
010000110000000
010100110000000
010100110010000
010100110010000
0000000000000000
0000000000000000
0011110111111111
0000000000000000
0000000000000000
0000000000000000
0011111100000000
0000000000000000
0000000000000111
0000111111111111
0011111111111000
0000000011110000
0000000000000000
0000000000000000
0000000000000000
13 10 7 15
4 11 10 11
6 12 14 12
5 9 15 3
12 7 15 15
5 11 6 7
10 2 10 9
8 11 4 12
10 6 9 4
7 13 1 7
9 12 0 15
4 1 0 2
1 4 9 14
1 5 14 6
9 15 7 7
7 12 0 14
11 4 2 0
0 4 3 11
