17 21 9904
0000000000000000
0000000000000000
0000000000000000
0000000000000000
0000000000000000
0000000000000000
0000000000000000
0000000000000000
0000000000000000
0000000000000000
0000000000000000
0000000000000000
0000000000000000
0000000000000000
0000000000000000
0000000000000000
0000000000000000
00000000000000000
00000000000000000
00000000000000000
00000000000000000
00000000000000000
00000000000000001
00000000000000000
00000000000000000
00000000000000000
00000000000000000
00000000000000000
00000000000011111
00000000000000000
00000000000000000
00000000000000000
00000000000000000
10 0 4 12
12 7 2 5
11 16 7 16
14 0 12 0
7 4 11 7
1 8 16 7
4 6 8 3
4 5 14 15
15 2 12 16
9 11 9 8
12 15 8 0
2 15 13 12
1 7 15 9
11 8 0 13
10 6 1 4
0 3 8 2
15 4 7 5
6 14 6 3
10 15 3 9
12 10 10 10
13 15 13 10
