19 12 5669
000000000000000000
000000000000000000
000000000000000000
000000000000000000
000000000000000000
000000000000000000
000000000000000000
000000000000000000
000000000000000000
000000000000000000
000000000000000000
000000000000100000
000000000000100000
000000000000100000
000000000000100000
000000000000100000
000000000000100000
000000000000100000
000000000000100000
0000000000000000000
0000000000000000000
0000000000000000000
0000000000000000000
0000000000000000000
0000000000000000000
0000000000000000000
0000000000000000000
0000000000000000001
0000000000000000000
0000000000000000000
0000000000000000000
0000000000000000000
0000000000000000000
0000000000000000000
0000000000000000000
0000000000000000000
0000000000000000000
5 3 14 12
3 16 15 8
11 6 7 9
0 17 5 12
18 11 6 15
16 4 18 14
10 16 3 0
8 7 2 16
8 8 1 1
11 9 15 2
13 18 17 16
1 4 3 14
