19 10 2920
000000000000000000
000000000000000000
000000010000000000
000000010000000000
000000010000000000
000000010000000000
000000010000000000
000000000000000000
000000000000000000
000000000000000000
000000000000000000
000000000000000000
000000000000000000
000000000000000000
000000000000000000
000000000000000000
000000000000000000
000000000000000000
000000000000000000
0000000000000000000
0000000000000000000
0000000000000000000
0000000000000000000
0000000000000000000
0000000000000000000
1111111110000000000
0000000000000000000
0000000000000000000
0000000000000000000
0000000000000000000
0000000000000000000
0000000000000000000
0000000000000000000
0000000000000000000
0000000000000000000
0000000000000000000
0000000000000000000
0 12 3 1
7 5 14 5
3 16 8 9
6 6 9 11
17 14 18 3
4 4 1 8
7 18 18 4
3 11 18 17
0 8 7 2
10 2 17 8
