16 22 7577
000000000000000
000000000000000
000000000000000
000000000000000
000000000000000
000000000000000
000000000000000
000000000000000
000000000000000
000000000000000
000000000000000
000000000000000
000000000000000
000000000000000
000000000000000
000000000000000
0000000000000000
0000000000000000
0000000000000000
0000000000000000
0000000000000000
0000000000000000
0000000000000000
0000000000000000
0000000000000000
0000000000000000
0000000000000000
0000000000000000
0000000000000000
0000000000000000
0000000000000000
11 9 10 15
11 12 12 0
3 4 7 15
13 15 0 10
0 7 6 15
12 3 3 3
8 5 12 7
2 11 5 7
1 8 8 6
15 5 12 1
8 14 15 13
14 10 10 13
11 7 2 0
2 5 11 11
12 10 14 3
7 14 6 10
3 14 11 6
4 5 15 7
2 4 7 9
8 11 2 15
11 15 1 3
6 8 2 1
