15 14 3424
00000000000000
00000000000000
00000000000000
00000000000000
00000000000000
00000000000000
00000000000000
00000000000000
00000000000000
00000000000000
00000000000000
00000000000000
00000000000000
00000000000000
00000000000000
000000000000000
000000000000011
000000000000000
111111100000000
000000000000000
000000000000000
000000000000000
000000000000000
111111111111000
000000000000011
000000000000000
000000000000000
111111110000011
000000000000000
3 6 7 7
1 5 6 9
9 1 3 12
6 2 13 2
3 7 5 3
2 1 11 13
11 14 7 4
12 10 10 8
10 11 3 13
9 8 7 14
14 5 5 10
12 12 2 13
8 3 10 0
6 10 8 10
