18 26 2814
00001001000000000
00001001000000000
00000001000000000
00001001000000000
00001001000000000
00001001000000000
00101000100000000
00101000100000000
00101000110000000
00101000110000000
00101000110000000
00101000110000000
00101000110000010
00000000110000010
00000000110000000
00000000110000000
00000000110000000
00000000100000000
000000000000000000
000000000000000000
000000000000000000
000000000000000000
000000000000000000
000000000000000001
000000000000000000
000000000111111100
000000000000000000
000000000000000000
000000000000000000
001000000000000000
111111000000000000
000000000000111111
000000000000000000
000000000000000000
000000001011111100
7 14 9 5
3 12 0 7
6 14 17 8
6 3 0 13
4 13 8 14
1 8 1 6
7 10 0 6
9 8 16 9
13 13 8 4
17 2 6 2
2 9 17 11
11 1 13 2
8 0 4 17
17 14 6 6
1 15 0 10
10 14 8 11
2 13 13 1
1 0 17 7
7 0 2 1
4 2 13 4
5 14 14 3
7 4 2 16
8 9 12 15
9 4 5 1
4 6 8 7
15 5 9 6
