17 29 8990
0000000000101000
0000000000101000
0000000000001000
0000000000001000
0001000000001000
0001000000000000
0001000000000000
0001000000000000
0001010000000000
0001010000000000
0001010000000000
0001010000100000
0001010000100000
0001010000100000
0001010000100000
0001010000100000
0000010000100000
00000000001000000
00000000000000000
00000000000000000
00011111111110000
00000000000000000
00000000000000000
00000000000000000
10000000000000000
00000000000000000
00000000000000000
00000000000000000
00000000000000000
00000000000000000
00000000000000000
00000011100000001
00000000000000000
13 14 2 8
3 16 16 4
1 4 9 2
11 2 1 6
16 9 2 6
9 15 3 4
4 8 1 7
3 6 13 3
11 11 9 10
5 9 11 14
0 13 6 11
15 6 6 6
12 9 10 12
7 6 2 7
8 8 10 2
0 4 8 12
16 11 6 14
1 8 11 4
8 7 6 9
4 14 9 4
13 1 0 2
14 10 9 11
12 7 0 11
11 9 9 9
1 5 0 7
10 9 13 9
4 9 5 0
2 13 1 16
2 2 13 4
