16 9 4175
000000100000000
000000100000000
000000100000000
000000100000000
000000100000000
000000100000000
000000100000000
000000000000000
000000000000000
000000000000000
000000100000000
000000100000000
000000100000000
000000100000000
000000100000000
000000100000000
0000000000000000
0000000000000000
0000000000000000
0000000000000000
0000000000000011
0000000000000000
0000000000000000
0000000000000000
0000000000000000
0000000000000000
0000000000000000
0000000000000000
0000000000000000
0000000000000000
0000000000000000
6 6 4 14
7 2 14 0
12 15 4 0
2 3 11 4
13 12 13 3
2 13 9 4
2 7 6 5
0 5 8 15
3 15 4 15
