17 13 2950
0000000000000000
0000000000000000
0000000000000000
0000000000000000
0000000000000000
0000000000000000
0000000000000000
0000000000000000
0000000000000000
0001000000000000
0001000000000000
0001000010000000
0001010010000000
0001010010000000
0001010010000000
0000000100000000
0000000000000000
00000000000000000
00000000000000000
00000000000000000
00000000000000000
00000000000000000
00000000000000000
00000000000000000
00000000000000000
00000000000000000
00000000000000000
00000000000000000
00000000000000000
00000000000000000
00000000000000000
00001111111111111
00000000000000000
11 8 4 10
7 8 8 9
4 9 5 9
7 12 16 5
7 9 6 13
4 5 0 14
16 13 5 12
12 14 0 5
2 7 5 7
8 0 13 8
11 12 6 6
3 1 15 9
10 4 7 14
