18 24 12171
00000000000000000
00000000000000000
00000000000000000
00000000000000000
00000000000000000
00000000000000000
00000000000000000
00000000000000000
00000000000000000
00000000000000000
00000000000000000
00000000000000000
00000000000000000
00000000000000000
00000000000000000
00000000000000000
00000000000000000
00000000000000000
000000000000000000
000000000000000000
000000000000000000
000000000000000000
001111111111111111
000000000000000000
000000000000000000
000000001111111111
000000000000000000
000000000000000000
000000000000000000
000000000000000000
000000000000000000
000000000000000000
000000000000000000
000000000000000000
000000000000000000
13 14 15 14
9 6 7 4
15 7 8 16
0 6 4 17
4 4 12 1
3 3 17 6
1 13 10 1
12 17 16 15
3 11 3 2
10 2 5 17
14 4 6 3
9 10 12 6
5 14 17 9
12 5 2 0
13 11 2 2
17 2 10 14
8 17 14 12
2 13 17 12
1 14 7 12
16 0 15 9
17 1 14 16
6 12 7 10
6 13 0 4
13 2 8 9
