17 27 3223
0100000010000011
0100000010000111
0100000000010111
0100000000010111
0100000000010101
0100000010100101
0100000010100101
0100000010100101
0100000010100111
0100000010000111
0100000010000111
0100001010000110
0100001000000110
1100001000000110
1000001000000110
1000001000000110
1000000000000110
00000000000000000
00000000000000000
00000000000000000
00000000000000000
00000011111111000
00000000000000000
00000000000000000
00000000000000000
00000111100000000
00000000000000000
00000000000000000
00111100000000000
00000000000000001
00000000000000000
00000000000000000
00000001111111000
16 4 14 2
4 8 11 6
2 12 14 0
3 9 0 13
4 1 7 7
0 16 13 2
2 15 13 5
16 5 10 14
8 11 3 1
2 11 4 15
13 6 7 16
6 13 1 13
1 7 0 7
3 7 1 10
11 16 11 7
12 2 2 10
11 12 5 15
13 4 15 2
6 7 6 12
9 4 10 12
4 0 2 4
3 2 4 10
1 15 5 16
11 14 10 0
16 8 3 14
16 13 5 7
4 7 6 14
