16 32 8401
000000000010000
000000000010000
000000000010000
000000000010000
000000000010000
000000000010000
000000000010000
000000000010000
000000000010000
000000000000000
000000000000000
000000000000000
000000000000000
000000000000000
000000000000000
000000000000000
0000000000000001
0000000000000000
0000000000000000
0000000001100000
0000000000000000
1111110000000000
0000000000000000
0000000000000000
0000000000000000
0000000000000000
0000000000000000
0000000000000000
0000000000000000
0000000000000000
1111111111100000
9 13 15 3
4 8 11 1
13 4 10 10
4 4 0 9
10 13 12 2
14 5 6 6
12 13 2 8
3 14 8 5
7 14 15 9
4 7 14 2
14 9 6 1
13 13 5 8
2 9 9 4
4 9 2 6
15 14 7 15
14 1 5 9
11 7 7 7
10 7 12 4
15 4 1 2
10 9 15 5
9 6 6 0
3 4 1 7
14 8 1 8
9 0 2 11
9 3 12 0
10 3 14 0
1 6 0 0
10 8 6 3
6 4 10 1
1 15 11 9
1 1 1 10
3 9 6 5
