16 24 5879
100000000000010
100000000000010
100000000000000
100000000001000
100000000000000
100000000000000
100000000000000
100000000000000
100000000000000
100000000000000
100000000000000
100000000000000
100000000000000
000000000000000
000000000000000
000000000000000
0000000000000000
0000000000000000
0000000000111111
0000000000000000
0000000000000000
0000000000000000
0000000000000000
0000000000000000
0000000000000000
0000000000000000
0111111111100000
0000000000000000
0000000000000000
0000000000000000
0000000000000000
4 15 12 8
6 0 14 10
12 9 4 7
14 0 6 4
7 0 14 15
3 0 15 6
8 0 9 14
7 15 13 4
1 1 15 1
6 10 14 3
13 1 4 0
10 3 4 11
10 6 13 7
12 6 11 12
0 1 2 9
5 11 6 14
6 8 14 4
11 15 7 11
3 9 2 11
12 2 12 5
10 7 4 9
2 13 9 7
1 3 6 13
10 1 11 0
