20 34 9733
0000000000000000000
0000000000000000000
0001000000000000000
0001000000000000000
0001000000000000000
0001000000000000000
0001000000000000000
0001000000000000000
0001000000000000000
0001000000000000000
0101000000000000000
0101000000000000000
0101000000000000000
0101000000000000010
0101000000000000010
0101000000000000010
0101000000000000000
0101000000000000000
0101000000000000000
0101000000000100000
00000000000000000000
00000000000000000000
00000000000000000000
00000000000000000000
00001100000000000000
00000000000000000000
00000000000000000000
00000000000000000000
00000000000000000000
00001111100000000000
00000000000000000000
00000000001111111111
00000000000000000000
00001111111111111000
01100000000000000000
00000000000111111111
00000000000000000000
00000000000000000011
00000000000000000001
7 7 10 8
15 2 11 9
13 1 10 0
14 3 16 0
18 12 7 18
18 14 7 19
12 4 0 11
6 12 19 1
18 3 8 14
4 17 12 11
7 14 2 13
4 12 19 10
17 16 11 15
13 6 0 12
6 7 16 10
6 3 8 7
10 15 3 0
12 3 7 9
10 13 1 17
1 0 1 12
16 17 12 14
7 17 7 16
5 9 3 7
17 17 2 6
2 8 14 15
11 8 11 7
7 10 15 13
2 2 3 5
12 0 17 15
2 10 6 16
3 11 12 19
12 13 18 15
11 0 9 2
9 6 5 19
