18 11 3433
00000000000000010
00000000000000010
00000000000000010
00000000000000010
00000010000000011
00000010000001011
00000010000000011
00000010000000011
00000010000000011
11000000000000001
10000000000000001
10000000000000001
10000000000000001
10000000000010001
10000000000010001
00000000000010001
00000000000010001
00000000000010001
000011111111111100
000000000000011100
000000000000000000
000000000001111100
000000000111111100
000000000000000000
000000000000000000
000000000000000000
111111111111100000
000000000000000000
000000000000000000
000000000000000000
000000000000000000
000000000000010000
000000000000000000
000000000000000000
000000000000000000
2 15 6 6
1 3 9 13
12 14 12 13
7 7 10 14
14 6 3 14
16 11 13 5
4 9 14 8
12 10 5 11
4 5 4 7
10 6 3 8
7 15 16 1
