20 12 1555
0000000100010100000
0000000100010100000
0000000100010100000
0000000100010100000
0000000100010100000
0000000100010000000
0000000000010000000
0000000000010000000
0000000000010000000
0000000000010000000
0000000000000000000
0000000000000000000
0000000000000000000
0000000000000000000
0000000000000000000
0000000000000000000
0000000000000000000
0000000000000000000
0000000000000000000
0000000000000000000
00000000000000000000
00000000000000000000
00000000000000000000
00000000000000000000
00000000000000000000
00000000000000000000
00000000000000000000
00000000000000000000
00000000000000000000
00000000000000000000
00000000000000000000
00000000000000000000
00000000000000000001
00000000000000000000
00000000000000000000
00000000000000000000
00000000000000000000
00000000000000000000
00000000000000000000
7 9 14 1
19 19 11 14
18 10 9 1
8 2 5 3
19 0 15 14
18 3 0 15
11 2 4 6
17 7 19 13
2 4 3 8
6 5 17 5
7 6 9 19
12 4 0 9
