16 13 5085
000000000000000
000000000000000
000000000000000
000000000000000
000000000000000
000000000000000
000000001000000
000000001000000
000000001000000
000000001000000
000000001000000
000000001000000
000000001000000
000000001000000
000000001000000
000000001000000
0000000011111111
0000000000000000
0000000000000000
0000000000000011
0000000000000000
0000000000000000
0000000000000000
0000000000000000
0000000000000000
0000000000000000
0000000000000000
0000000000111111
0000000000000000
0000000000000000
0000000000000000
1 0 11 7
12 10 3 14
7 15 9 11
4 13 4 8
3 11 8 13
0 1 10 7
9 0 2 10
5 7 10 4
11 15 7 6
15 10 0 10
13 14 11 1
14 6 5 9
8 9 8 14
