16 28 5154
000000000000000
000000000000000
100000000000000
000000000000000
000000001000000
000000000000000
000000000000000
000001000000000
000001000000000
000001000000000
000001000000000
000001000000000
000001000000000
100001000000000
001001000000000
101001000000000
0000000000000000
1110000000000000
0000000000000000
0000000000000000
1111111111111110
0000000000000000
0000000000000000
0000000000000000
0000001110000000
0000000000000000
0000000000000000
0000000000000000
1110000000000000
0000000000000000
0000000000000000
6 7 13 6
10 12 5 5
2 12 7 15
12 2 0 0
6 12 11 12
11 14 6 5
5 1 4 7
10 2 2 6
3 15 13 4
9 6 12 1
12 5 13 15
15 4 7 12
7 5 0 1
2 2 15 6
4 14 8 14
5 9 5 2
12 0 15 10
12 10 0 7
4 0 5 8
8 0 8 4
12 14 2 11
7 2 6 10
10 5 9 4
12 15 10 1
3 14 8 1
4 9 10 0
1 11 9 11
14 4 1 4
