20 13 7363
1000000000000000001
1000000000000000001
1000000000000000001
1000000010000100001
1000000010000100001
1000000010000100001
1000000010000100001
1000000010000100001
0000000010000100001
0000000010000100001
0000000010000100001
0000000010000100001
0000000010000100001
0000000010000100001
0000000010000100000
0000010010000101000
0000010010000101000
0000010010010101000
0000010010010101000
0000010011010100000
00000000000001111110
00000000000000000000
00000000000000000000
00000000000000000000
00000000000000001110
00000000000000000000
00000000000011000000
01111100000000000000
00000000000000000000
00000000000000000000
00000000000000000000
00000000000000000000
00000000000000000000
00000000000000000000
00000000000000110000
00000000000111000000
00000000000000000000
00000000000010000000
00000000000100000000
6 14 15 3
19 14 11 1
8 1 17 8
0 10 8 9
4 15 18 12
7 14 6 0
9 18 10 0
2 4 13 19
19 9 6 16
7 13 5 3
4 10 3 18
10 11 0 7
19 2 6 6
