15 8 516
00000000100000
00000000100000
00000000100000
00000000100000
00000000100000
00000000000000
00000000000000
00000000000000
00000000000000
00000000000000
00000000000000
00000000000000
00000000000000
00000000000000
00000000000000
000000000000000
000000000000000
000000000000000
000000000000000
000000000000000
000000000000000
000000000000000
000000000000000
000000000000000
000000000000000
000000000000000
000000000000000
000000000000000
000000000000000
6 11 14 12
2 11 9 0
8 8 5 3
10 5 5 4
4 2 6 13
2 4 7 8
5 12 10 14
3 10 1 1
