20 20 2591
0000000000000000010
0000000000000100010
0000000000000100010
0000000000000100011
0000000000000101011
0000000000000101001
0000000000000101001
0000000000000101001
0000000000000101001
0000000000000101001
0000000000000101001
0000000000000101001
0000000000000001001
0000000000000001001
0000000000000001001
0000000000000001001
0000000000000001001
0000000000000001001
0000000000000001001
0000000000000001001
00000000111111111100
00000000000000000000
00000000000000000000
11111111111000000000
11111111000000000000
00000000000000000000
00000000000000000000
00000000000000000000
00000000000000000000
00000000000000000000
00000000000000000000
00000000000000000000
00000000000000000000
00000000000000000000
00000000000000000000
00000000000000000000
00000000000000000000
00000000000000000000
00000000000000000000
12 15 2 5
19 7 1 18
8 4 19 13
13 13 5 11
7 9 2 0
7 0 10 3
2 14 0 10
14 3 15 19
5 4 9 0
4 17 11 1
14 0 16 9
6 12 12 17
17 18 14 18
13 2 18 16
6 5 19 9
15 14 16 13
1 11 5 18
3 13 7 8
10 10 7 16
18 7 14 2
