17 24 10706
0000000001000010
0000000001000010
0000000001000010
0000000001000010
0000000001000000
0000000001000000
0000000001000000
0000000001000000
0000000001000000
0000000001000000
0000000000000000
0000001000000000
0000001000000001
0000001000000001
0000001000000001
1000000000000001
1000000000000001
11000000000000000
11111111100000000
00000000000000000
00000000000000000
00000000000000000
00000000000000000
00000000000000000
00000000000000000
00000000001110000
00000000000000000
11111111111110000
11100000000111110
00000000000000000
00000000000000000
00000000000000000
00000000000000000
14 15 10 5
16 9 5 0
0 10 4 15
1 4 9 1
12 3 9 15
10 6 1 13
4 3 4 2
8 4 14 4
12 8 0 15
5 7 14 7
12 4 15 4
11 3 3 9
10 16 9 13
7 10 15 8
8 16 3 10
13 7 5 12
14 8 12 1
7 0 10 0
1 9 13 8
5 10 9 9
1 0 4 5
4 6 7 9
0 11 8 0
11 11 9 16
