13 19 3902
000000000100
000000000000
000000000010
000000000010
000000000010
000000000010
000000000010
000000000010
000000000000
000000000000
000000000000
000000000000
000000000000
0000000000000
0000000000000
0000000000000
0000000000000
0000000000000
0000000000000
0000000000000
1111111111110
0000000000000
0011111111111
0000000000000
0000000000000
8 10 5 3
6 2 1 10
12 8 4 0
6 5 2 12
5 4 7 5
7 1 4 9
6 3 12 0
6 4 1 3
3 0 0 11
4 12 10 10
10 8 0 7
11 1 6 0
10 2 2 3
2 0 10 3
4 2 3 2
11 3 9 5
5 11 5 7
8 3 1 6
3 7 3 5
