16 14 1010
000000000000000
000000000000000
000000000000000
000000000000000
000000000000000
000000000010000
001000000010000
001000000010100
001000000010100
001000000000100
001000000000100
001000000000100
000000000000100
000000000000000
000000000000000
000000000000000
0000000000000000
0000000000000001
0000000000000000
1000000000000000
0000000000011111
0000000000000000
1000000000000000
0000000000001000
0000000000000000
0000000000000000
0000000000000000
1111111111110000
1111111100001111
0000000000000000
0000000000000000
3 2 6 3
8 4 0 12
4 14 11 0
9 4 2 8
15 15 11 11
2 1 14 13
13 5 15 3
9 14 0 0
14 14 11 14
13 4 14 1
7 1 8 2
10 3 9 3
7 4 10 15
5 0 13 6
