16 25 8647
000000010000000
000000010000000
000000010000000
000000010000000
000001010000000
000001010000000
000001010000000
000001010000000
000001010000000
000001010000000
000001010000000
000001000000000
000001000000000
000001000000000
000001000000000
000001000000000
0000000000000000
0000000000000000
0000000000000000
0000000000000000
0000000000000000
0000000000000000
0000000000000000
0000000000000000
0000000000000000
0000000000000000
0000000000000000
0000000000000000
0000000000000000
0000000000000000
0000000000000000
13 13 15 7
2 11 6 5
6 2 7 4
0 15 2 5
12 8 9 5
7 13 11 3
10 15 10 0
4 4 1 10
8 2 14 2
10 10 7 1
10 9 12 6
3 12 9 1
6 3 13 11
3 4 12 15
13 10 9 7
14 10 7 5
14 8 8 10
3 3 2 15
14 14 3 15
13 15 1 14
8 6 3 13
4 13 1 0
2 4 7 3
2 6 14 9
12 13 2 9
