19 17 10816
000000000000000000
000000000000000000
000000000000000010
000000000000000010
000000000000000010
000000000000000000
000000000000000000
000000000000000000
000000000000000000
000000000000000000
000000000000000000
000000000000000000
000000000000000000
000000000000000000
000000000000000000
000000000000000000
000000000000000000
000000000000000000
000000000000000001
1111110011111111111
0000000011111111111
1111111111110000000
0011111111111111100
0000000000000000000
0000000000000000000
0000000000000000000
0000001111111111111
1111111111111000000
0000000000000000000
0000000000000000000
0000000000000000000
1110000000000000000
1111111111111110000
0000000000000111111
0000000000000000000
1111111111110000000
0000000000000000000
10 3 16 10
5 15 11 18
0 11 1 13
3 16 15 9
8 8 3 12
9 4 0 7
16 17 1 8
16 15 14 11
7 9 1 17
13 0 13 8
16 16 0 16
6 7 9 11
5 12 11 6
1 12 17 7
16 7 15 1
14 13 18 2
10 14 11 16
