15 8 2324
00000000000000
00000000000000
00000000000000
00000000000000
00000000000000
00000000010000
00000000010000
00000000010000
00000000010000
00000000010000
00000000010000
00000000010000
00000000010000
00000000010000
00000000010000
000000000000000
000000000000000
000000000000000
000000000000000
111111000000000
000000000000000
000000000000000
000000000000000
000000000000000
000000000000000
000000000000000
000000000000000
000000000000000
000000000000000
10 0 0 1
11 8 4 13
7 3 12 11
3 13 8 10
12 0 6 13
9 6 8 5
2 11 1 14
12 7 0 12
