19 12 6851
000001000000000000
000001000000000000
000001000000000000
000001000000000000
000001000000000000
000001000000000000
000001000000000000
000001000000000000
000001000010000000
000001000010000000
000001000010000000
000001000010000000
000001000010000000
000001000010000000
000001000010000000
000000000010000000
000000000010000000
000000000010000000
000000000010000000
0000000000000000000
0000000000000000000
0000000000000000000
0000000000000000000
0000000000000000000
0000000000000000000
0000000000000000000
0000000000000000000
0000000000000000000
0000000000000000000
0000000000000000000
0000000000000000000
0000000000000000000
0000000000000000000
0000000000000000000
0000000000000000000
0000000000000000000
0000000000000000000
18 1 15 7
18 9 14 16
14 14 1 18
6 8 2 9
4 7 5 15
18 10 4 2
16 3 11 5
18 16 2 11
18 3 15 8
15 11 6 12
3 5 8 18
12 6 17 15
