17 14 4408
0000010000000000
0000010000000000
0000010000000000
0000010000000000
0000010000000000
0000010000000000
0000010000000000
0000010000000000
0000010000000000
0000010000000000
0000010000000000
0000010000000000
0000010000000000
0000010000000000
0000010000000000
0000000000000000
0000000000000000
00000000000000000
00000000000000000
00000000000000000
00000000000000000
00000000000000000
00000000000000000
00000000000000000
00000000000000000
00000000000000000
00000000000000000
00000000000000000
00000000000000000
00000000000000000
00000000000000000
00000000000000000
00000000000000000
9 14 15 0
7 1 16 13
2 5 3 12
4 10 4 3
15 9 11 3
13 8 7 0
11 10 13 14
10 13 3 14
11 6 15 5
2 4 16 7
12 4 9 2
9 0 15 15
1 16 11 0
11 9 8 7
