14 17 3408
0000000000000
0000000000000
0000000000000
0000000100000
0000000100000
0000000100000
0000000100000
0000000100000
1000010100000
1000010100000
1000010100000
1000010100000
1000010100000
1000010100000
00000000000000
00000000000000
00000000000000
00000000000000
00000000000000
00000000001111
00000000000000
00011100000000
01100000000000
00000000000000
00000000000000
00000000000000
00000000111000
12 2 9 12
2 5 11 0
12 12 10 8
12 7 4 2
2 11 3 10
5 1 11 6
0 6 7 7
9 3 10 10
5 12 13 5
8 12 12 0
4 4 9 10
0 3 9 9
1 4 6 3
4 0 3 13
0 8 6 5
7 11 11 2
5 8 7 5
