19 34 3162
000000001000000000
000000001000000000
000000001000000000
000000001010000000
000000001010000000
000000001010000000
000000001010000000
000000001010000000
000000001010000000
000000001010000010
000000001010010010
000000001010010010
000000001010000010
000000001010000011
001000001010000011
001000000010000011
001000000010000011
001000000010000011
001001000010000000
0000000000000000000
0000000000000000000
0000000000000000000
0000000000000000000
0000000000000000000
0000000000000000000
0000000000000000000
0000000000000000000
0000000000000000000
0000000000000000000
0000000000000000000
0000000000000011100
0000000000000000000
0000000000000000000
0000000000000000000
1100000000000000000
0000000000000000000
0000000000000011111
5 8 6 12
1 13 8 0
3 18 7 8
17 5 15 15
14 4 16 8
15 6 11 17
15 13 7 17
17 13 14 9
12 6 5 9
12 18 18 14
7 13 8 12
18 16 14 10
12 5 7 5
6 9 13 3
8 11 3 10
3 5 6 16
17 4 11 9
12 11 18 3
8 1 10 11
0 7 2 3
2 14 3 14
13 5 1 7
14 7 5 3
12 2 4 3
7 16 3 9
14 2 12 4
13 0 9 5
9 14 11 13
10 0 9 13
2 13 14 15
4 17 14 11
12 12 11 0
8 14 12 3
16 11 1 14
