15 17 1334
00000000000000
00000000000000
00000000000000
00000000000000
00000000000000
00000000000000
00000000000000
00000000000000
00000000000000
00000000000000
00000000000000
00000000000000
00000000000000
00000000000000
00000000000000
000000000000000
000000000000000
000000000000000
000000000000000
000000000000000
000000000000000
000000000000000
000000000000000
000000000000000
000000000000000
000000000000000
000000000000000
000000000000000
000000000000000
9 8 2 8
11 1 1 9
9 2 3 0
4 14 8 5
11 0 8 10
12 4 6 13
12 1 10 13
5 1 1 0
2 10 10 9
3 3 9 13
9 9 6 5
8 14 5 7
11 9 2 2
11 7 4 5
2 4 1 2
3 10 1 4
1 7 7 4
