20 17 2320
0000000000010000000
0000000000110000000
0000000000110000000
0000000000110000000
0000000000110000000
0000000000110000000
0000000000110000000
0000000000110000000
0000000000110000000
0000000000110000000
0000000000110000000
0000000000110000000
0000000000110000000
0000000000110000000
0000000000110000000
0001000000110010000
0001000000110010000
0001000000110010000
0001000000110010000
0001000000100010000
00000000000000000000
00000000000000000000
00000000000000000000
00000000000000000000
11110000000000000000
00000000000000000000
00000000000000000000
00000000000000000000
11111110001000000000
00000000000000000000
00000000000000000001
11111111100000000000
00000000000000000000
00000000000000000000
00000000000000000000
00000000000000000000
00110000000000000000
00000000000000000000
00000000000000000000
18 4 14 15
19 6 5 7
14 4 5 1
13 2 15 5
7 5 0 4
15 0 4 10
19 8 15 14
11 19 19 18
6 16 0 12
15 16 14 8
7 4 1 10
14 18 10 8
18 13 14 7
12 18 13 14
13 10 11 13
17 4 16 3
19 3 2 13
