19 14 7764
000000100000001000
000000100000001000
000000100000001000
000000100000001000
000000100000000000
000000100000000000
000000100000000000
000000100000000000
000000100000000000
000000100000000000
000000100000000000
000000100000000000
000000100000000000
000000100000000000
000000000000000000
000000000000000000
000000000000000000
000000000000000000
001000000000000000
0000000000000000000
0000000000000000000
0000000000000000000
0000000000000000000
0000000000000000000
0000000000000000000
0000000000000000000
0000000000000000000
0000000000000000000
0000011000000000000
1100000000000000000
0000000000000000000
0000000000000000000
0000000000000000011
0000000000000000000
0000000000000000000
1111111111000000000
0000000000000000000
6 5 9 13
0 4 13 14
1 10 12 8
5 13 18 2
18 3 3 6
15 10 11 10
2 3 5 9
0 14 17 0
8 10 9 6
16 1 10 0
6 13 1 16
9 11 13 5
2 7 1 8
8 8 10 8
