18 32 4119
00000100000000000
00000100000000000
00000100000000000
00000100000000000
00000100000000000
00000100000000000
00000100000000000
00000100000000000
00000100000000000
00000100000000000
00000100000000010
00000000000000010
00000000000000010
00000000000000010
00000000000000000
00000000000000000
00000000000000000
00000000000000000
000000000000000000
000000000000000000
111000000000000000
000000000000000000
000000000000000000
000000000000000000
000000000000000000
000000000000000000
000000000000000000
000000000000111111
000000000000000000
000000000000000000
000000000000000000
000000000000000000
000000000000000000
000000000000000000
000000111111111111
17 17 15 5
2 4 3 6
9 13 1 17
11 2 1 9
16 14 11 14
15 17 1 0
12 9 16 9
1 15 2 2
13 4 15 4
3 14 11 10
13 6 7 7
0 1 2 3
14 5 7 6
11 13 0 14
1 11 14 17
17 4 0 10
6 0 7 1
4 8 17 13
0 5 8 11
4 16 2 13
3 7 4 17
4 9 0 11
16 10 16 7
5 15 15 0
14 16 16 5
13 3 10 0
3 15 13 14
7 15 7 2
17 2 5 11
3 1 3 17
15 3 9 16
9 0 3 11
