18 11 2839
00000000010000000
00000000010000000
00000000010000000
00000000010000000
00000000010000000
00000000010000000
00000000010000000
00000000010000000
00000000010000000
00000000010000000
00000000010000000
00000000010000000
00000000010000000
00000000010000000
00000000000000000
00000000000000000
00000000000000000
00000000000000000
000000000000000000
000000000000000000
000000000000000000
000000000000000000
000000000000000000
000000000000000000
000000000000000000
000000000000000000
000000000000000000
000000000000000000
000000000000000000
000000000000000000
000000000000000000
000000000000000000
000000000000000000
000000000000000000
000000000000000000
13 7 5 14
1 9 9 3
2 6 5 1
9 11 1 7
17 16 3 5
4 0 3 2
14 16 5 11
12 0 10 12
15 15 15 3
7 4 7 15
8 11 16 9
