16 16 7627
000000000000000
000000000000000
000000000000000
000000000000010
000000000000010
000000000000010
000000000000000
001000000000000
001000000000000
001000000000000
001000000000000
001000000000000
001000000000000
000000000000000
000000000000000
000000000000000
0011111111111111
1111111111110000
0000000000011100
0000000000000000
0000000000000000
0001111111111111
1111110000000000
0000000000011111
0000000000000000
0000000000000000
0000000000000000
0000000000000000
0000011111111111
0000000000000000
0000000000000000
0 0 15 0
7 11 7 4
8 15 15 9
11 15 7 3
7 6 1 0
7 2 1 1
0 8 6 15
13 0 11 12
10 1 8 13
8 7 4 5
2 10 5 6
2 3 9 2
4 2 10 8
14 6 8 12
10 15 15 13
12 4 11 10
