14 14 4647
0000000000000
0000010000000
0000010000000
0010010000000
0010010000000
0010000000000
0000000000000
0000000000000
1000000000000
1000000010000
1001000010000
1001000010000
1001000000000
1001000000000
00000000000000
00000000011111
00000000000000
00000000000000
00000111111111
11111100000000
10001111111111
00000000000000
00000000000000
00000001100000
00000000000000
00000000111111
00000000000000
10 0 9 12
7 1 4 5
4 0 12 6
11 3 5 8
12 13 8 8
11 0 12 10
9 8 1 4
13 9 3 3
2 1 3 5
0 11 8 2
7 0 12 4
6 0 7 6
7 5 1 8
12 7 1 11
