17 18 9909
0011001101000010
0011001101000110
0010001101000110
0010001101000110
0010001101000110
0010001101100110
0010001001000110
0010001001000110
0010001001000110
0010001001010110
1010001001010110
1010001001010110
1000001000010110
1000000000010100
0000000000000100
0000000000000100
0000000100000100
00000000000000000
00000000000000000
00000000000000000
00000000000000000
00000000000111000
00000000000000000
00000000000000000
00000000000000000
00000000000000000
00000000000000000
00000000000000000
00000000000000000
00000000000000000
01111111111111000
00000000000000000
00000000000000000
9 4 5 14
0 0 2 1
1 1 9 0
3 0 12 9
16 1 10 3
11 0 10 9
1 12 10 13
16 16 1 14
4 16 8 5
11 13 5 3
7 0 5 11
4 7 8 3
11 1 7 12
0 8 16 7
13 0 6 9
1 0 15 2
6 15 11 11
12 6 7 16
