15 14 1619
00000000000011
00000000000011
00000000000010
00000010000000
00000100000000
00000100000000
00010100000000
00000100010000
00000100000000
00000000001000
00000000001000
10000000000000
10000000000000
10000000000000
10000000000000
000000000000000
000000000000100
000000000000000
111111111111000
000000000000000
000000000000000
001111000000000
000000000111111
000000011111111
000000000000000
000000000000000
000000000000000
000000000000000
000000000000000
8 14 1 7
9 11 11 4
3 7 12 2
4 10 8 8
11 5 4 0
13 8 9 8
6 2 12 6
4 6 0 7
13 5 7 6
11 7 11 3
5 6 7 7
7 8 10 10
4 8 3 2
7 13 3 5
