15 8 584
11100000001000
10000000000000
10000001000000
00000001000000
00000000000000
00000000000000
00000000000000
00000000000000
00000000000000
00010000000000
00000000000000
00000000000000
00000000000000
00000000000000
00000000000000
000000000000000
000000111111111
000000000000000
000000000000000
000000000000000
000000000000000
111100000000000
111111111000000
111111111100000
000000000000000
000000001111111
111111000000000
111111111111110
000000000000111
11 0 4 10
5 4 4 8
0 7 5 12
1 1 0 14
7 3 10 6
12 14 12 2
5 3 8 7
12 3 0 1
