15 9 1606
00010001000000
00010001000010
00010001000010
01010001010010
01010001010010
01010000010010
01010000010010
01000000010010
01000000010000
00000000010000
00000000010000
00000000010000
00000000000000
00000000000000
00000000000000
001100000000000
000000000000000
000000000000000
000000000000000
000000000000000
000011111000000
000011111110000
000000000001111
110000000000000
000000000000000
000000000000000
000000000000000
000000111111111
000000000000000
7 11 11 2
13 7 9 11
7 9 3 3
0 10 2 14
1 3 8 2
3 8 13 14
5 8 6 2
1 7 9 10
5 12 6 8
