13 19 4270
000000000000
000000000000
000000000000
000000000000
000000000000
000000000000
000000000000
000000000000
000000000000
000000000000
000000000000
000000000000
000000000000
0000000000000
0000000000000
0000000000000
0000000000000
0000000000000
0000000000000
0000000000000
0000000000000
0000000000000
0000000000000
0000001111111
0000000000000
1 5 3 3
4 12 12 0
6 9 12 1
5 3 2 3
7 5 2 1
11 8 10 11
2 2 2 9
12 6 11 7
6 8 9 12
3 5 10 2
1 1 7 2
0 5 5 6
4 10 1 2
2 6 0 10
5 1 9 11
7 10 4 6
3 0 4 11
9 3 7 11
10 0 5 7
