14 13 4098
0000000000000
0000000000000
0000000000000
0000000000000
0000000000000
0000000000000
0000000000000
0000000000000
0000000000000
0000000000000
0000000000000
0000000000000
0000000000000
0000000000000
00000000000000
00000000000000
00000000000000
00000000000000
00000000000000
00000000000000
11111111110000
00000000000000
00000000000000
00000000000000
00000000000000
00000000000000
00000000000000
5 6 10 5
5 8 8 0
11 11 6 1
13 4 3 9
3 2 10 2
0 0 7 8
0 1 13 5
12 0 5 11
0 5 12 2
7 3 2 9
2 13 5 2
11 13 13 10
5 1 1 7
